     0/299     1.81G   0.06945   0.03649         0    0.1059        37       640  0.009547    0.3594  0.004961 0.0007853   0.09185   0.05745         0
     1/299      2.3G   0.06382   0.03943         0    0.1033        30       640  0.007143    0.4218  0.004344  0.000758   0.08644   0.06014         0
     2/299      2.3G   0.06017   0.03897         0   0.09913        14       640   0.02047   0.07701  0.008353  0.001276   0.08516   0.06076         0
     3/299      2.3G   0.05886   0.04298         0    0.1018        31       640    0.1229    0.1088   0.03418  0.006553   0.08276   0.06276         0
     4/299      2.3G   0.05806   0.04358         0    0.1016        18       640    0.1943    0.1682   0.06619    0.0147   0.08221   0.06205         0
     5/299      2.3G    0.0568   0.04088         0   0.09768         6       640    0.2264    0.1746    0.1037   0.02348   0.07892   0.06173         0
     6/299      2.3G   0.05687   0.04235         0   0.09922        31       640    0.2191    0.1927    0.1137    0.0276   0.07869   0.06122         0
     7/299      2.3G     0.056   0.03826         0   0.09426         9       640    0.2332    0.2177    0.1516    0.0404    0.0738   0.06097         0
     8/299      2.3G   0.05543   0.03825         0   0.09368        38       640    0.3966    0.4053    0.3304    0.1119    0.0686   0.05969         0
     9/299      2.3G   0.05404   0.03292         0   0.08696        27       640    0.4928    0.4451    0.4232     0.143   0.06698   0.05628         0
    10/299      2.3G   0.05293    0.0326         0   0.08553        34       640    0.6164    0.4819    0.5402    0.2102    0.0677   0.05388         0
    11/299      2.3G   0.05202   0.03058         0    0.0826        26       640    0.5967    0.5556    0.5575    0.1917   0.06586    0.0553         0
    12/299      2.3G   0.05004   0.03168         0   0.08171        35       640    0.5678    0.5692     0.535    0.1849    0.0643   0.05409         0
    13/299      2.3G   0.05206   0.03031         0   0.08238        19       640    0.6236    0.5787    0.5972    0.2459   0.06175   0.05736         0
    14/299      2.3G   0.04962   0.03183         0   0.08145        36       640    0.5287    0.5941    0.5346    0.1991   0.06351   0.05359         0
    15/299      2.3G   0.04892   0.02963         0   0.07856        32       640    0.6275    0.6227    0.6322     0.279   0.06521   0.05172         0
    16/299      2.3G   0.04591   0.02946         0   0.07537        11       640    0.6108    0.6168     0.593    0.2709   0.06044   0.05408         0
    17/299      2.3G   0.04546   0.02913         0   0.07459        49       640    0.7042    0.6633    0.7137    0.3414   0.06123   0.05128         0
    18/299      2.3G   0.04489   0.02812         0   0.07301        16       640    0.7172    0.6939    0.7509    0.4003   0.05704    0.0532         0
    19/299      2.3G   0.04485   0.02829         0   0.07314        33       640    0.6866    0.6805    0.7087    0.3572   0.05959   0.05412         0
    20/299      2.3G    0.0419   0.02847         0   0.07037        10       640    0.7254    0.6383    0.7086    0.2414   0.05988   0.05505         0
    21/299      2.3G   0.04273   0.02757         0    0.0703        16       640    0.7254    0.6768    0.7278     0.399   0.05545   0.05462         0
    22/299      2.3G    0.0421   0.02719         0   0.06929        14       640    0.7011    0.7075    0.7208    0.3661   0.05447   0.05556         0
    23/299      2.3G   0.04314   0.02857         0   0.07171        26       640    0.7097    0.7052    0.7355    0.3987   0.05838   0.05496         0
    24/299      2.3G   0.04038   0.02678         0   0.06716        30       640    0.7107    0.7336    0.7483     0.399   0.05555   0.05671         0
    25/299      2.3G   0.04111    0.0262         0   0.06731        31       640    0.7038    0.7302    0.7595    0.4171    0.0539    0.0574         0
    26/299      2.3G     0.039   0.02705         0   0.06605        38       640    0.7301    0.7687    0.8016    0.4613   0.05376   0.05365         0
    27/299      2.3G   0.03887   0.02609         0   0.06495        28       640    0.6927     0.763    0.7882    0.4507   0.05345   0.05694         0
    28/299      2.3G   0.03729   0.02601         0    0.0633        13       640    0.7562    0.7778    0.8155    0.4892   0.05154   0.05742         0
    29/299      2.3G   0.03639   0.02434         0   0.06073        38       640    0.7215    0.7948    0.8063    0.4831   0.04972   0.06178         0
    30/299      2.3G   0.03592   0.02556         0   0.06148        22       640    0.7717    0.7698    0.8343    0.5076   0.05008   0.05791         0
    31/299      2.3G   0.03595   0.02477         0   0.06072        20       640    0.7808    0.7846    0.8441    0.5224    0.0481   0.06213         0
    32/299      2.3G   0.03646   0.02566         0   0.06212        24       640    0.7168    0.8243    0.8214    0.5087   0.04831   0.05776         0
    33/299      2.3G   0.03559   0.02584         0   0.06142        41       640     0.767    0.8025    0.8558     0.537   0.04764   0.06214         0
    34/299      2.3G   0.03574   0.02535         0   0.06109        28       640    0.7788    0.8024    0.8568    0.5249   0.04909   0.05776         0
    35/299      2.3G   0.03514   0.02283         0   0.05797         9       640    0.7743    0.8027     0.861    0.5439   0.04756   0.06343         0
    36/299      2.3G   0.03463   0.02481         0   0.05944        47       640     0.776    0.7935    0.8546    0.5351   0.04721   0.06274         0
    37/299      2.3G   0.03347   0.02464         0   0.05811        25       640    0.8245    0.7831    0.8838     0.587   0.04502   0.05806         0
    38/299      2.3G   0.03392   0.02428         0   0.05821        38       640    0.7866    0.8118    0.8767     0.579   0.04578   0.05879         0
    39/299      2.3G   0.03388   0.02464         0   0.05852        25       640    0.7807    0.8273    0.8794    0.5381   0.04655    0.0636         0
    40/299      2.3G   0.03435    0.0262         0   0.06055        68       640    0.7453     0.866     0.875    0.5794   0.04456   0.05882         0
    41/299      2.3G   0.03304   0.02581         0   0.05885        59       640    0.7848    0.8322    0.8823    0.5791    0.0434   0.06065         0
    42/299      2.3G   0.03279   0.02388         0   0.05667        21       640    0.7845    0.8298    0.8774    0.5868    0.0433   0.05994         0
    43/299      2.3G   0.03309   0.02425         0   0.05734        20       640    0.8323    0.7608     0.871    0.5658    0.0443   0.06424         0
    44/299      2.3G   0.03328   0.02439         0   0.05766        50       640    0.8185    0.8181    0.8915    0.5651   0.04529    0.0593         0
    45/299      2.3G   0.03293   0.02434         0   0.05726        22       640    0.8097    0.8356    0.8976    0.5932    0.0451   0.06225         0
    46/299      2.3G    0.0325   0.02375         0   0.05624        23       640    0.8126    0.8322    0.8898    0.5978   0.04439   0.06094         0
    47/299      2.3G   0.03222   0.02247         0   0.05469        36       640    0.8489    0.8029     0.899    0.6116   0.04459   0.05878         0
    48/299      2.3G   0.03315   0.02356         0   0.05672        15       640    0.7946    0.8299    0.8866    0.5743   0.04492   0.05952         0
    49/299      2.3G   0.03219   0.02327         0   0.05546        28       640     0.845    0.8163    0.9053      0.61    0.0434   0.06096         0
    50/299      2.3G   0.03225   0.02395         0    0.0562        22       640    0.8061    0.8297    0.8952    0.6132   0.04493   0.05798         0
    51/299      2.3G   0.03243   0.02368         0   0.05611        21       640     0.824    0.8152    0.8901    0.6032   0.04472   0.06086         0
    52/299      2.3G   0.03197   0.02299         0   0.05496        25       640    0.8404    0.8265    0.9054    0.6051   0.04465   0.05886         0
    53/299      2.3G   0.03118   0.02567         0   0.05685        22       640     0.802    0.8571    0.8952    0.6042   0.04338   0.06147         0
    54/299      2.3G   0.03184   0.02398         0   0.05582        31       640     0.813    0.8281    0.8961    0.5966   0.04401   0.05992         0
    55/299      2.3G   0.03077   0.02479         0   0.05555        40       640     0.834    0.8376    0.9093    0.6259   0.04318   0.06126         0
    56/299      2.3G   0.03164   0.02284         0   0.05448        27       640    0.7952    0.8367    0.8932    0.6065   0.04252   0.06003         0
    57/299      2.3G   0.03231   0.02292         0   0.05523        35       640     0.801    0.8441       0.9     0.613   0.04204   0.06177         0
    58/299      2.3G   0.03125   0.02326         0   0.05451        32       640    0.8381    0.8219    0.9073    0.6277   0.04231   0.06154         0
    59/299      2.3G   0.03076    0.0217         0   0.05246        23       640     0.844    0.8342    0.9176    0.6346   0.04154   0.06196         0
    60/299      2.3G   0.03141   0.02292         0   0.05433        18       640    0.8224    0.8298    0.8965    0.6114   0.04188   0.06119         0
    61/299      2.3G   0.03062   0.02346         0   0.05407        26       640    0.8048    0.8787    0.9115    0.6214   0.04173   0.06155         0
    62/299      2.3G   0.03043   0.02298         0   0.05341        20       640     0.824    0.8458     0.911     0.634   0.04123   0.06001         0
    63/299      2.3G    0.0306   0.02318         0   0.05378        17       640    0.8504    0.8277    0.9129    0.6295   0.04065   0.06056         0
    64/299      2.3G   0.03088   0.02351         0   0.05439        25       640    0.8171    0.8594    0.9133     0.623   0.04084    0.0632         0
    65/299      2.3G   0.03061   0.02205         0   0.05266        29       640    0.8256     0.859    0.9137    0.6301   0.03987   0.06183         0
    66/299      2.3G   0.03052   0.02292         0   0.05343        19       640    0.8264    0.8581    0.9105    0.6288   0.04032   0.06182         0
    67/299      2.3G   0.03126    0.0227         0   0.05396        24       640    0.8252    0.8537    0.9163    0.6444   0.04074   0.06296         0
    68/299      2.3G   0.03062   0.02426         0   0.05488        34       640     0.803    0.8515    0.9041    0.6206   0.04126   0.06017         0
    69/299      2.3G   0.03062   0.02204         0   0.05266        17       640     0.827    0.8741    0.9176    0.6397   0.04205   0.06125         0
    70/299      2.3G   0.03062   0.02266         0   0.05328        25       640    0.8181    0.8718    0.9151    0.6435   0.04065   0.06207         0
    71/299      2.3G   0.02951    0.0232         0   0.05271        31       640    0.8282    0.8748    0.9247    0.6503   0.04043   0.06097         0
    72/299      2.3G   0.03088   0.02299         0   0.05386        33       640    0.8359    0.8546    0.9161     0.647    0.0406   0.06019         0
    73/299      2.3G    0.0302   0.02247         0   0.05268        20       640    0.8668    0.8424    0.9231    0.6505   0.04026   0.06105         0
    74/299      2.3G   0.03101   0.02268         0   0.05369        11       640    0.8363    0.8691    0.9254    0.6457   0.04077   0.06385         0
    75/299      2.3G   0.02946   0.02186         0   0.05132        19       640    0.8108    0.8605    0.9101    0.6444   0.04045   0.06024         0
    76/299      2.3G   0.02969   0.02183         0   0.05153        25       640     0.856     0.856     0.929    0.6504   0.04133   0.06121         0
    77/299      2.3G   0.02949   0.02281         0   0.05229        15       640    0.8286    0.8333    0.9074    0.6438   0.04115   0.05968         0
    78/299      2.3G   0.02968   0.02163         0   0.05131        32       640    0.8374    0.8707    0.9259    0.6552   0.04146     0.062         0
    79/299      2.3G   0.03016   0.02192         0   0.05208        18       640    0.8224    0.8818    0.9185    0.6526   0.04129   0.05908         0
    80/299      2.3G   0.02978   0.02174         0   0.05152        16       640     0.858    0.8635    0.9315    0.6588   0.04071   0.05873         0
    81/299      2.3G   0.02986   0.02223         0    0.0521        21       640    0.8685    0.8413    0.9324    0.6654   0.04047   0.06054         0
    82/299      2.3G   0.02958   0.02259         0   0.05217        24       640    0.8856    0.8707    0.9409    0.6667    0.0408   0.05964         0
    83/299      2.3G   0.02946   0.02198         0   0.05144        23       640    0.8508    0.8729    0.9252     0.657   0.04039   0.05905         0
    84/299      2.3G   0.02927   0.02267         0   0.05194        49       640     0.895    0.8469    0.9388    0.6656    0.0411   0.05914         0
    85/299      2.3G   0.02917   0.02123         0    0.0504        27       640    0.8566    0.8741    0.9351    0.6471   0.04118   0.06227         0
    86/299      2.3G   0.02919    0.0221         0   0.05129        14       640    0.8429    0.8639    0.9282    0.6649   0.04072   0.05878         0
    87/299      2.3G   0.02939   0.02223         0   0.05162        45       640    0.8001    0.8757    0.9038    0.6372   0.03961   0.06095         0
    88/299      2.3G   0.02933   0.02139         0   0.05072        20       640    0.8525    0.8911    0.9385    0.6642   0.04065   0.05912         0
    89/299      2.3G    0.0288   0.02189         0   0.05069        42       640    0.8706    0.8617     0.942    0.6796   0.04011   0.05988         0
    90/299      2.3G   0.02918   0.02259         0   0.05177        17       640    0.8696    0.8628    0.9414    0.6772   0.04064   0.05856         0
    91/299      2.3G   0.02923   0.02208         0   0.05131        14       640    0.8916    0.8685    0.9426     0.675   0.04027   0.05819         0
    92/299      2.3G   0.02947   0.02123         0    0.0507        23       640    0.8743    0.8696    0.9435    0.6691    0.0405   0.05949         0
    93/299      2.3G   0.02879    0.0212         0   0.04999        13       640    0.8612    0.8932    0.9423    0.6711   0.03996   0.05933         0
    94/299      2.3G   0.02855   0.02185         0    0.0504        32       640    0.8732    0.8946    0.9419    0.6776   0.04012   0.05951         0
    95/299      2.3G    0.0288   0.02187         0   0.05067        16       640    0.8781     0.866    0.9356    0.6776   0.03945   0.05856         0
    96/299      2.3G   0.02858   0.02066         0   0.04924        18       640    0.8763    0.8458    0.9272    0.6702   0.04018    0.0581         0
    97/299      2.3G    0.0281   0.02062         0   0.04872        17       640    0.8747    0.8469    0.9345    0.6754   0.03911   0.06156         0
    98/299      2.3G   0.02883   0.02125         0   0.05009        34       640    0.8962    0.8612    0.9424    0.6746    0.0396    0.0582         0
    99/299      2.3G   0.02878   0.02162         0   0.05041        15       640    0.8966    0.8571     0.945    0.6819   0.04021   0.05902         0
   100/299      2.3G   0.02865   0.02146         0   0.05011        18       640    0.8785    0.8772     0.945    0.6762    0.0393   0.05791         0
   101/299      2.3G   0.02855   0.02115         0    0.0497        19       640    0.8622    0.8821     0.945    0.6829   0.03963   0.06062         0
   102/299      2.3G   0.02867   0.02124         0   0.04992        30       640    0.8744    0.8603    0.9346    0.6761   0.03941   0.05935         0
   103/299      2.3G   0.02801   0.02132         0   0.04932        25       640    0.8864    0.8844    0.9506     0.683   0.04032   0.05926         0
   104/299      2.3G   0.02838    0.0204         0   0.04878        20       640     0.862    0.8855    0.9425    0.6821   0.03923   0.06033         0
   105/299      2.3G   0.02826    0.0219         0   0.05017        26       640    0.8708    0.8866    0.9419    0.6751   0.03841   0.05868         0
   106/299      2.3G   0.02885   0.02084         0   0.04969        20       640    0.8753    0.8753    0.9462     0.681   0.03931   0.05822         0
   107/299      2.3G   0.02834   0.02159         0   0.04993        29       640     0.857     0.924    0.9556    0.6897   0.03931   0.05817         0
   108/299      2.3G   0.02793   0.02147         0   0.04939        15       640    0.8859    0.8626    0.9464    0.6742   0.03984   0.05847         0
   109/299      2.3G   0.02861   0.02069         0   0.04929        23       640     0.889    0.8991    0.9533    0.6914   0.03926   0.05832         0
   110/299      2.3G   0.02815   0.02014         0   0.04829        24       640    0.9002      0.89    0.9542    0.6872   0.03913   0.05922         0
   111/299      2.3G   0.02733   0.02115         0   0.04848        19       640    0.9101    0.8639    0.9535    0.6937   0.03894   0.05792         0
   112/299      2.3G     0.028   0.02091         0   0.04891        26       640    0.8686     0.924    0.9555    0.6866   0.03932   0.05882         0
   113/299      2.3G   0.02771   0.02172         0   0.04943        30       640    0.9064    0.8787    0.9559    0.7017   0.03888   0.05833         0
   114/299      2.3G   0.02796   0.02122         0   0.04918        37       640    0.8897    0.8502    0.9379    0.6778   0.03891   0.05888         0
   115/299      2.3G   0.02818   0.02162         0   0.04979        22       640    0.8713    0.9134    0.9531    0.6933   0.03839   0.05824         0
   116/299      2.3G   0.02737   0.02117         0   0.04854        30       640    0.9004    0.8605    0.9443    0.6885   0.03863   0.05961         0
   117/299      2.3G   0.02784   0.02028         0   0.04812        16       640    0.8593    0.9206    0.9579    0.7025   0.03848   0.05985         0
   118/299      2.3G    0.0272   0.02041         0   0.04761        29       640     0.892    0.9048    0.9595    0.6965   0.03875   0.05849         0
   119/299      2.3G   0.02785   0.02091         0   0.04875        29       640    0.8526    0.9388    0.9594    0.7013   0.03886   0.05928         0
   120/299      2.3G   0.02763   0.02083         0   0.04846        29       640    0.8918     0.898    0.9605    0.7051   0.03862   0.05847         0
   121/299      2.3G   0.02733   0.02051         0   0.04783         7       640    0.8973    0.9036    0.9635    0.7116   0.03819   0.05823         0
   122/299      2.3G   0.02727   0.02026         0   0.04753        18       640    0.9024    0.9123    0.9677    0.7142   0.03819   0.05785         0
   123/299      2.3G   0.02766   0.02053         0   0.04818        21       640    0.8593    0.9422     0.962     0.707   0.03837   0.05791         0
   124/299      2.3G   0.02776   0.02044         0   0.04821        13       640    0.8978    0.8776    0.9511    0.7022   0.03877    0.0587         0
   125/299      2.3G   0.02724   0.02051         0   0.04776        30       640    0.8769    0.9046    0.9554    0.7057    0.0383   0.05847         0
   126/299      2.3G   0.02716    0.0207         0   0.04787        15       640    0.9144    0.8838    0.9617     0.711   0.03773   0.05903         0
   127/299      2.3G   0.02761   0.02149         0    0.0491        22       640     0.885    0.9249    0.9642    0.7152   0.03779   0.05828         0
   128/299      2.3G   0.02747   0.02002         0   0.04749        18       640    0.9194    0.8922     0.964    0.7133   0.03856   0.05846         0
   129/299      2.3G   0.02785   0.02088         0   0.04872        36       640    0.8945     0.904    0.9567    0.6997   0.03833   0.05955         0
   130/299      2.3G   0.02762   0.02027         0   0.04788        10       640    0.8978    0.8912    0.9627    0.7094   0.03833   0.05939         0
   131/299      2.3G   0.02737   0.02117         0   0.04854        30       640    0.8777    0.9286    0.9626    0.7141   0.03859   0.05901         0
   132/299      2.3G   0.02789   0.02089         0   0.04878        29       640    0.9141    0.8806    0.9612    0.7109   0.03869   0.05905         0
   133/299      2.3G    0.0271   0.02025         0   0.04734        42       640    0.9148     0.915    0.9675    0.7131   0.03847   0.05924         0
   134/299      2.3G   0.02696   0.01904         0     0.046        11       640    0.8966    0.9341    0.9654    0.7128   0.03844    0.0591         0
   135/299      2.3G   0.02732   0.02093         0   0.04824        32       640    0.8927    0.9161    0.9601    0.7126   0.03787   0.05889         0
   136/299      2.3G   0.02779    0.0208         0   0.04859        38       640    0.9135    0.8991    0.9655    0.7167   0.03807   0.05838         0
   137/299      2.3G   0.02699    0.0208         0   0.04779        10       640    0.9061     0.908    0.9616    0.7109   0.03768   0.05971         0
   138/299      2.3G    0.0266   0.01993         0   0.04653        24       640     0.895    0.9116    0.9607    0.7101   0.03769   0.05952         0
   139/299      2.3G   0.02698   0.01875         0   0.04573        27       640    0.9165    0.9104    0.9679    0.7111    0.0381   0.05803         0
   140/299      2.3G   0.02721   0.01994         0   0.04714        29       640    0.8909    0.9195    0.9657    0.7188   0.03777   0.05929         0
   141/299      2.3G   0.02713    0.0196         0   0.04673        25       640    0.9324    0.8923    0.9704    0.7197   0.03805    0.0588         0
   142/299      2.3G   0.02723   0.01966         0    0.0469        26       640     0.919    0.8749    0.9637     0.714   0.03789   0.05949         0
   143/299      2.3G   0.02705   0.02006         0   0.04711        35       640    0.9086    0.9252    0.9719    0.7236   0.03767   0.05877         0
   144/299      2.3G   0.02636   0.01991         0   0.04627        18       640    0.9068    0.9274    0.9719    0.7235   0.03761   0.05976         0
   145/299      2.3G   0.02691   0.02033         0   0.04724        27       640    0.9173    0.9206    0.9731    0.7248   0.03764   0.05918         0
   146/299      2.3G   0.02685   0.02028         0   0.04714        40       640    0.9075    0.8783    0.9571    0.7067   0.03716   0.05954         0
   147/299      2.3G   0.02617   0.01851         0   0.04468        22       640    0.9135    0.8991    0.9667    0.7189   0.03703   0.05956         0
   148/299      2.3G   0.02608    0.0198         0   0.04588        11       640    0.9261    0.9161    0.9724    0.7183   0.03757   0.05935         0
   149/299      2.3G   0.02662   0.02023         0   0.04686        38       640    0.9091    0.9183    0.9657    0.7145   0.03778   0.05862         0
   150/299      2.3G    0.0265    0.0195         0     0.046        22       640    0.9231    0.9249    0.9733    0.7252   0.03776   0.05943         0
   151/299      2.3G   0.02725   0.02012         0   0.04738        33       640    0.9126    0.8946    0.9646    0.7212   0.03702   0.05938         0
   152/299      2.3G   0.02685   0.02062         0   0.04747        43       640    0.9007    0.9274    0.9722    0.7246   0.03749   0.05926         0
   153/299      2.3G   0.02707   0.01924         0   0.04631        19       640    0.9034    0.9365    0.9749    0.7302   0.03756   0.05928         0
   154/299      2.3G   0.02576    0.0195         0   0.04526         9       640    0.9357    0.8923    0.9721    0.7319   0.03745   0.05854         0
   155/299      2.3G   0.02598   0.01781         0   0.04379        38       640    0.9254    0.9138    0.9734    0.7329    0.0375   0.05833         0
   156/299      2.3G   0.02654   0.01854         0   0.04507        10       640    0.9351    0.9161     0.978    0.7392   0.03734   0.05798         0
   157/299      2.3G   0.02618   0.01901         0   0.04519        18       640    0.9086    0.9467    0.9768    0.7314   0.03753   0.05789         0
   158/299      2.3G   0.02656   0.01944         0     0.046        28       640    0.9202    0.9093    0.9699    0.7332   0.03723   0.05889         0
   159/299      2.3G   0.02671   0.01978         0   0.04649        33       640    0.9268    0.9184    0.9757    0.7362   0.03708   0.05897         0
   160/299      2.3G    0.0265   0.01939         0   0.04588        26       640    0.9244     0.932    0.9779    0.7331   0.03724   0.05895         0
   161/299      2.3G   0.02579   0.01865         0   0.04444        31       640    0.9197    0.9286    0.9759     0.736   0.03742   0.05821         0
   162/299      2.3G   0.02589    0.0196         0   0.04549        17       640    0.9307    0.9138    0.9733    0.7284   0.03782   0.05841         0
   163/299      2.3G     0.026   0.01873         0   0.04474        39       640    0.9296    0.9286    0.9774    0.7355   0.03723   0.05862         0
   164/299      2.3G   0.02617   0.02007         0   0.04624        25       640    0.9254    0.9419    0.9769    0.7318   0.03665   0.05847         0
   165/299      2.3G   0.02638    0.0202         0   0.04658        18       640    0.9288    0.9501    0.9786    0.7355   0.03642   0.05969         0
   166/299      2.3G    0.0261   0.01907         0   0.04517         7       640     0.923    0.9546    0.9816    0.7474   0.03634   0.05947         0
   167/299      2.3G   0.02599   0.01872         0   0.04471        27       640     0.939     0.942    0.9805    0.7423   0.03624   0.05979         0
   168/299      2.3G   0.02561   0.01834         0   0.04396        18       640    0.9318    0.9331    0.9798    0.7354   0.03604    0.0596         0
   169/299      2.3G   0.02653   0.01895         0   0.04548        14       640    0.9496    0.9178    0.9792    0.7393   0.03608    0.0598         0
   170/299      2.3G    0.0264   0.01874         0   0.04514        20       640    0.9112    0.9558    0.9792    0.7381    0.0363   0.05944         0
   171/299      2.3G   0.02564    0.0194         0   0.04504        24       640    0.9483    0.9399     0.983    0.7447   0.03627   0.05886         0
   172/299      2.3G   0.02583   0.01963         0   0.04546        44       640    0.9534    0.9274    0.9816    0.7384   0.03674   0.05874         0
   173/299      2.3G   0.02546   0.01934         0    0.0448        38       640    0.9492    0.9331    0.9824    0.7494   0.03612   0.05847         0
   174/299      2.3G   0.02562   0.01861         0   0.04423        34       640     0.943    0.9388    0.9834    0.7444   0.03579   0.05902         0
   175/299      2.3G   0.02557   0.01888         0   0.04445        31       640    0.9465    0.9422    0.9844    0.7432    0.0358    0.0594         0
   176/299      2.3G   0.02563   0.01948         0    0.0451        22       640    0.9499    0.9297    0.9819    0.7462   0.03631   0.05915         0
   177/299      2.3G   0.02523   0.01883         0   0.04406        41       640    0.9383    0.9477    0.9836    0.7512   0.03607   0.05933         0
   178/299      2.3G   0.02561   0.01829         0    0.0439        16       640     0.943    0.9195    0.9801    0.7483   0.03584    0.0594         0
   179/299      2.3G   0.02541    0.0188         0    0.0442        24       640    0.9435    0.9297    0.9819    0.7423   0.03648   0.05873         0
   180/299      2.3G   0.02529   0.01918         0   0.04447        45       640    0.9494     0.941    0.9824    0.7444   0.03616   0.05914         0
   181/299      2.3G   0.02549   0.01844         0   0.04393        14       640     0.942    0.9422    0.9826    0.7457   0.03603   0.05902         0
   182/299      2.3G   0.02565   0.01869         0   0.04434        16       640    0.9479    0.9282    0.9795    0.7414    0.0361   0.05925         0
   183/299      2.3G   0.02497   0.01902         0   0.04399        18       640     0.934    0.9512    0.9822    0.7506   0.03607   0.05876         0
   184/299      2.3G   0.02539   0.01866         0   0.04406        17       640    0.9276    0.9443    0.9823    0.7536   0.03562   0.06048         0
   185/299      2.3G   0.02526   0.01866         0   0.04392        17       640    0.9497     0.941    0.9834    0.7567   0.03572   0.05908         0
   186/299      2.3G   0.02513   0.01862         0   0.04375        15       640    0.9567     0.926    0.9829    0.7513   0.03534   0.05906         0
   187/299      2.3G   0.02508   0.01794         0   0.04302        30       640    0.9541    0.9181    0.9804    0.7488   0.03532   0.05925         0
   188/299      2.3G    0.0256   0.01991         0   0.04552        24       640    0.9434    0.9478    0.9841    0.7507   0.03537   0.05869         0
   189/299      2.3G   0.02539    0.0191         0   0.04449        26       640    0.9431    0.9444    0.9846    0.7557   0.03546   0.05896         0
   190/299      2.3G   0.02523   0.01835         0   0.04358        26       640    0.9418     0.941    0.9835    0.7489   0.03627   0.05909         0
   191/299      2.3G   0.02559   0.01969         0   0.04529        38       640     0.944    0.9558    0.9863    0.7556   0.03572   0.05879         0
   192/299      2.3G   0.02577   0.01961         0   0.04539        21       640    0.9472    0.9567    0.9849    0.7549    0.0355   0.05918         0
   193/299      2.3G   0.02524   0.01917         0   0.04441        32       640     0.952    0.9478    0.9859    0.7552   0.03557   0.05849         0
   194/299      2.3G   0.02524   0.01902         0   0.04425        15       640    0.9562     0.941    0.9848    0.7556   0.03525   0.05888         0
   195/299      2.3G   0.02487   0.01875         0   0.04362        35       640    0.9459    0.9546    0.9844    0.7565   0.03522   0.05817         0
   196/299      2.3G   0.02509   0.01889         0   0.04398        13       640    0.9574     0.949    0.9865    0.7588   0.03558    0.0583         0
   197/299      2.3G   0.02526   0.01827         0   0.04353        22       640    0.9464    0.9649    0.9874    0.7579   0.03555   0.05877         0
   198/299      2.3G   0.02531   0.01863         0   0.04395        13       640    0.9549    0.9456    0.9871    0.7593   0.03603    0.0587         0
   199/299      2.3G   0.02503   0.01853         0   0.04356        12       640    0.9547     0.932    0.9849    0.7597   0.03579   0.05912         0
   200/299      2.3G   0.02508   0.01912         0   0.04421        26       640    0.9669    0.9273    0.9856    0.7579   0.03582   0.05902         0
   201/299      2.3G   0.02497   0.01804         0   0.04301        20       640    0.9451     0.958     0.987    0.7589   0.03546   0.05905         0
   202/299      2.3G   0.02465   0.01873         0   0.04338        18       640    0.9594    0.9388    0.9864    0.7587   0.03517   0.05903         0
   203/299      2.3G   0.02485   0.01805         0    0.0429        18       640    0.9507     0.941    0.9862    0.7651    0.0349    0.0594         0
   204/299      2.3G   0.02513   0.01923         0   0.04437        62       640    0.9495    0.9615    0.9882    0.7639   0.03495   0.05941         0
   205/299      2.3G   0.02442   0.01804         0   0.04246        17       640    0.9495    0.9592     0.989    0.7565     0.035   0.05947         0
   206/299      2.3G   0.02478   0.01878         0   0.04356        33       640    0.9649    0.9433    0.9888    0.7636   0.03526   0.05922         0
   207/299      2.3G   0.02457   0.01815         0   0.04272        21       640    0.9475    0.9626    0.9887    0.7676   0.03514   0.05896         0
   208/299      2.3G   0.02468   0.01776         0   0.04244        26       640    0.9571     0.949    0.9884    0.7607   0.03531   0.05862         0
   209/299      2.3G   0.02453   0.01891         0   0.04345        20       640    0.9508    0.9648    0.9898    0.7642   0.03547   0.05857         0
   210/299      2.3G   0.02454    0.0185         0   0.04303        41       640    0.9641    0.9501    0.9893    0.7602   0.03507   0.05912         0
   211/299      2.3G   0.02409   0.01703         0   0.04113        12       640    0.9671    0.9341    0.9878    0.7652   0.03532   0.05893         0
   212/299      2.3G   0.02435   0.01863         0   0.04299        16       640    0.9588    0.9558    0.9894    0.7647   0.03485   0.05925         0
   213/299      2.3G   0.02491   0.01736         0   0.04226        31       640    0.9426    0.9751    0.9899    0.7699   0.03471   0.05885         0
   214/299      2.3G   0.02507   0.01832         0    0.0434        21       640    0.9648    0.9329    0.9874    0.7683   0.03506   0.05903         0
   215/299      2.3G   0.02391     0.018         0   0.04191        16       640    0.9481    0.9535    0.9873    0.7676   0.03489   0.05965         0
   216/299      2.3G   0.02449   0.01818         0   0.04267        17       640    0.9536    0.9546    0.9881    0.7659   0.03474    0.0589         0
   217/299      2.3G   0.02474   0.01832         0   0.04306        28       640    0.9694    0.9354    0.9879    0.7656   0.03482   0.05917         0
   218/299      2.3G   0.02455   0.01788         0   0.04243        29       640    0.9644    0.9534    0.9897    0.7644   0.03498   0.05873         0
   219/299      2.3G   0.02448   0.01841         0   0.04288        39       640    0.9494    0.9615    0.9891    0.7657    0.0348   0.05893         0
   220/299      2.3G   0.02434   0.01786         0    0.0422        30       640    0.9367    0.9569     0.987    0.7631    0.0351   0.05909         0
   221/299      2.3G   0.02422   0.01795         0   0.04217        29       640    0.9577    0.9489    0.9884    0.7647   0.03474   0.05866         0
   222/299      2.3G   0.02428   0.01792         0   0.04221        29       640    0.9609    0.9478    0.9884    0.7698   0.03449    0.0588         0
   223/299      2.3G   0.02491   0.01796         0   0.04286        12       640     0.957    0.9579    0.9894    0.7747   0.03451   0.05867         0
   224/299      2.3G   0.02386   0.01675         0   0.04061        17       640    0.9677    0.9512    0.9899    0.7707   0.03484   0.05914         0
   225/299      2.3G   0.02422   0.01778         0     0.042        35       640    0.9573     0.967    0.9896    0.7713   0.03458   0.05946         0
   226/299      2.3G   0.02403   0.01832         0   0.04236        39       640     0.947    0.9728    0.9896    0.7706   0.03486   0.05935         0
   227/299      2.3G   0.02404   0.01778         0   0.04183        28       640    0.9613    0.9615    0.9905    0.7757   0.03441   0.05908         0
   228/299      2.3G   0.02424   0.01772         0   0.04196        15       640    0.9615    0.9637    0.9911    0.7748   0.03436   0.05848         0
   229/299      2.3G   0.02433   0.01721         0   0.04154        12       640    0.9635     0.966    0.9909    0.7738   0.03485   0.05817         0
   230/299      2.3G    0.0248   0.01795         0   0.04275        22       640    0.9521    0.9717    0.9899     0.771   0.03464   0.05849         0
   231/299      2.3G    0.0243   0.01819         0   0.04249        29       640     0.953    0.9648    0.9905    0.7748   0.03434   0.05902         0
   232/299      2.3G   0.02431    0.0191         0   0.04341        43       640    0.9635    0.9569    0.9904    0.7749   0.03446   0.05879         0
   233/299      2.3G   0.02354   0.01784         0   0.04138        34       640    0.9412    0.9819    0.9904    0.7717    0.0347    0.0586         0
   234/299      2.3G   0.02399   0.01803         0   0.04202        33       640    0.9503    0.9761    0.9911    0.7755   0.03456   0.05827         0
   235/299      2.3G   0.02435   0.01786         0   0.04221        17       640     0.957     0.983    0.9913    0.7776   0.03442   0.05879         0
   236/299      2.3G   0.02402   0.01835         0   0.04236        24       640    0.9604    0.9625    0.9904    0.7799   0.03413   0.05914         0
   237/299      2.3G   0.02407    0.0182         0   0.04227        30       640    0.9625    0.9599    0.9905    0.7782   0.03421   0.05915         0
   238/299      2.3G   0.02395   0.01772         0   0.04167        16       640    0.9711    0.9569    0.9904    0.7749   0.03421   0.05909         0
   239/299      2.3G   0.02393   0.01776         0   0.04169        14       640    0.9638    0.9671    0.9902    0.7773   0.03403   0.05937         0
   240/299      2.3G   0.02337   0.01684         0   0.04021        10       640    0.9648    0.9637    0.9902    0.7799   0.03435   0.05905         0
   241/299      2.3G   0.02454   0.01887         0   0.04341        27       640    0.9639    0.9717    0.9909    0.7811   0.03431   0.05878         0
   242/299      2.3G   0.02397   0.01787         0   0.04184        22       640    0.9672    0.9694    0.9916    0.7804   0.03411   0.05861         0
   243/299      2.3G   0.02368   0.01837         0   0.04205        29       640    0.9627     0.967    0.9912    0.7787   0.03396   0.05907         0
   244/299      2.3G   0.02353     0.018         0   0.04153        17       640    0.9636    0.9614    0.9906    0.7845   0.03426   0.05911         0
   245/299      2.3G   0.02416   0.01713         0    0.0413        17       640     0.963    0.9739    0.9915    0.7846   0.03433    0.0588         0
   246/299      2.3G   0.02377   0.01829         0   0.04207        35       640    0.9671    0.9705    0.9915    0.7767   0.03455   0.05918         0
   247/299      2.3G   0.02396   0.01762         0   0.04159        14       640    0.9733    0.9535    0.9915    0.7785   0.03422   0.05951         0
   248/299      2.3G   0.02376   0.01829         0   0.04205        20       640     0.963    0.9739    0.9923    0.7813   0.03411   0.05881         0
   249/299      2.3G   0.02359   0.01656         0   0.04015        21       640     0.967    0.9637    0.9919    0.7801   0.03421   0.05874         0
   250/299      2.3G   0.02384   0.01793         0   0.04178        29       640    0.9744    0.9511    0.9913     0.786   0.03408   0.05856         0
   251/299      2.3G   0.02472   0.01751         0   0.04223        17       640    0.9535    0.9773    0.9914    0.7857   0.03413    0.0589         0
   252/299      2.3G    0.0239   0.01772         0   0.04161        16       640    0.9595     0.967    0.9916    0.7845   0.03424   0.05873         0
   253/299      2.3G   0.02369   0.01688         0   0.04058        27       640    0.9659    0.9649    0.9917    0.7847   0.03409    0.0587         0
   254/299      2.3G   0.02356   0.01764         0    0.0412        32       640    0.9659    0.9636    0.9916    0.7857   0.03393   0.05845         0
   255/299      2.3G   0.02446   0.01807         0   0.04253        11       640    0.9543    0.9717    0.9913    0.7845   0.03412   0.05892         0
   256/299      2.3G   0.02383    0.0173         0   0.04113        22       640    0.9561     0.966    0.9912    0.7854   0.03404   0.05907         0
   257/299      2.3G   0.02361   0.01672         0   0.04033        41       640    0.9678    0.9535    0.9909    0.7871   0.03395   0.05896         0
   258/299      2.3G   0.02363   0.01815         0   0.04178        16       640    0.9586    0.9751    0.9919    0.7862   0.03399   0.05876         0
   259/299      2.3G   0.02421   0.01731         0   0.04152        33       640    0.9533    0.9785    0.9921    0.7862   0.03388   0.05879         0
   260/299      2.3G   0.02342   0.01805         0   0.04147        28       640    0.9608    0.9727    0.9922     0.786   0.03399   0.05849         0
   261/299      2.3G   0.02327   0.01748         0   0.04075        30       640    0.9681    0.9649    0.9921    0.7868     0.034   0.05863         0
   262/299      2.3G   0.02374   0.01714         0   0.04088        20       640    0.9748    0.9647    0.9919    0.7871   0.03401   0.05826         0
   263/299      2.3G   0.02394   0.01754         0   0.04148        44       640    0.9714    0.9649    0.9919    0.7878   0.03397   0.05852         0
   264/299      2.3G   0.02383   0.01828         0   0.04211        15       640    0.9615    0.9762    0.9926     0.788    0.0339   0.05857         0
   265/299      2.3G   0.02343   0.01645         0   0.03989        19       640     0.954    0.9873    0.9927    0.7842   0.03404   0.05855         0
   266/299      2.3G   0.02424   0.01662         0   0.04086         9       640    0.9596    0.9728     0.992    0.7848   0.03413   0.05826         0
   267/299      2.3G   0.02368   0.01708         0   0.04075        28       640    0.9586    0.9728    0.9919    0.7857   0.03409   0.05835         0
   268/299      2.3G   0.02341   0.01755         0   0.04096        12       640    0.9617    0.9751    0.9926    0.7904   0.03397   0.05832         0
   269/299      2.3G   0.02367   0.01672         0   0.04039        13       640    0.9528    0.9851    0.9924    0.7898   0.03388   0.05852         0
   270/299      2.3G   0.02308   0.01712         0    0.0402        25       640    0.9509    0.9874    0.9926     0.788   0.03378   0.05876         0
   271/299      2.3G   0.02354   0.01727         0   0.04081        25       640    0.9758    0.9603    0.9924    0.7869   0.03382   0.05869         0
   272/299      2.3G   0.02366   0.01677         0   0.04043        25       640     0.963    0.9739    0.9926    0.7884   0.03388   0.05842         0
   273/299      2.3G   0.02339   0.01701         0   0.04041        36       640    0.9587    0.9785    0.9925    0.7875   0.03384   0.05834         0
   274/299      2.3G   0.02354   0.01706         0    0.0406        14       640     0.966    0.9671    0.9924    0.7885   0.03389   0.05853         0
   275/299      2.3G   0.02347   0.01724         0   0.04071        26       640    0.9608    0.9739    0.9923    0.7906   0.03383   0.05863         0
   276/299      2.3G   0.02363   0.01749         0   0.04113        18       640    0.9489    0.9896    0.9927    0.7918   0.03373   0.05857         0
   277/299      2.3G   0.02336   0.01655         0   0.03991        29       640    0.9579    0.9806    0.9926    0.7897   0.03373   0.05859         0
   278/299      2.3G   0.02339   0.01757         0   0.04096        12       640     0.956    0.9852    0.9927      0.79   0.03378   0.05846         0
   279/299      2.3G   0.02343   0.01714         0   0.04058        34       640     0.959     0.983    0.9927    0.7907   0.03381   0.05841         0
   280/299      2.3G   0.02332   0.01782         0   0.04114        25       640    0.9632    0.9819    0.9929    0.7891   0.03384   0.05842         0
   281/299      2.3G   0.02329   0.01709         0   0.04038        14       640    0.9581    0.9875    0.9928    0.7906   0.03377   0.05834         0
   282/299      2.3G   0.02331   0.01688         0   0.04019        17       640    0.9532     0.992    0.9928    0.7905   0.03383   0.05831         0
   283/299      2.3G   0.02374   0.01908         0   0.04282        58       640     0.956    0.9864    0.9928    0.7906   0.03384   0.05841         0
   284/299      2.3G   0.02369   0.01886         0   0.04255        63       640     0.953    0.9896    0.9929    0.7903   0.03381   0.05849         0
   285/299      2.3G   0.02325   0.01729         0   0.04054        22       640    0.9562    0.9898    0.9929    0.7898   0.03381   0.05841         0
   286/299      2.3G   0.02322   0.01667         0   0.03989        20       640    0.9582    0.9898    0.9929    0.7893   0.03384   0.05851         0
   287/299      2.3G   0.02387   0.01665         0   0.04053        30       640    0.9562    0.9909    0.9929    0.7902   0.03373   0.05871         0
   288/299      2.3G   0.02325   0.01717         0   0.04041        25       640    0.9552    0.9919     0.993    0.7913    0.0337   0.05853         0
   289/299      2.3G   0.02375   0.01706         0   0.04081        31       640    0.9621    0.9794    0.9928      0.79   0.03374   0.05846         0
   290/299      2.3G   0.02367   0.01687         0   0.04054        32       640    0.9714    0.9683    0.9927    0.7906   0.03374   0.05846         0
   291/299      2.3G   0.02302   0.01646         0   0.03947        10       640     0.959    0.9807    0.9928    0.7918   0.03372   0.05849         0
   292/299      2.3G   0.02348   0.01661         0   0.04009        23       640    0.9633    0.9819    0.9928    0.7906    0.0337   0.05834         0
   293/299      2.3G    0.0234    0.0173         0    0.0407        43       640    0.9602    0.9864    0.9929    0.7903    0.0337   0.05816         0
   294/299      2.3G   0.02332   0.01703         0   0.04036        21       640    0.9653    0.9784    0.9928     0.791   0.03376   0.05817         0
   295/299      2.3G   0.02313   0.01678         0   0.03991        32       640    0.9569    0.9853    0.9926    0.7906   0.03373   0.05838         0
   296/299      2.3G   0.02336   0.01652         0   0.03988        15       640    0.9633     0.983    0.9928    0.7916   0.03374   0.05846         0
   297/299      2.3G   0.02358   0.01726         0   0.04084        21       640    0.9664    0.9785    0.9927    0.7902   0.03378   0.05858         0
   298/299      2.3G   0.02376   0.01699         0   0.04075        14       640    0.9631    0.9841    0.9929    0.7897   0.03374    0.0585         0
   299/299      2.3G   0.02301   0.01742         0   0.04043        29       640    0.9652    0.9785    0.9929    0.7909   0.03363   0.05843         0
