     0/299      7.8G   0.07535   0.02702         0    0.1024        30       640    0.1179    0.1508   0.04697  0.008857    0.1014   0.03674         0
     1/299       11G     0.063   0.02618         0   0.08918        12       640    0.2384    0.5669    0.2584   0.06925   0.08707   0.03769         0
     2/299       11G    0.0528   0.02166         0   0.07446        11       640    0.4017    0.6168    0.4494    0.1019   0.08496    0.0316         0
     3/299       11G   0.05019   0.01921         0   0.06939        34       640    0.6781    0.6814     0.729    0.3697   0.07441   0.03218         0
     4/299       11G   0.05164   0.02045         0   0.07209        64       640     0.503    0.5542    0.4634    0.2144   0.07777   0.03584         0
     5/299       11G   0.05222    0.0193         0   0.07152        18       640    0.6884    0.6162    0.6961    0.3028   0.07193   0.03474         0
     6/299       11G   0.04704   0.02061         0   0.06765        48       640    0.6887    0.7154    0.7132    0.3128   0.07036   0.03304         0
     7/299       11G   0.04338   0.01953         0   0.06291        26       640    0.7448    0.7698    0.8275    0.4191   0.06668   0.03344         0
     8/299       11G   0.04115   0.01857         0   0.05973         8       640    0.5944    0.7755    0.7491    0.4233   0.06744   0.03272         0
     9/299       11G   0.03917    0.0178         0   0.05697        20       640    0.8114    0.8118    0.8761    0.5245   0.06366    0.0325         0
    10/299       11G   0.03669   0.01767         0   0.05436        26       640    0.8402    0.8175    0.9026    0.5207   0.06283   0.03279         0
    11/299       11G   0.03522   0.01889         0   0.05411        32       640    0.8067    0.8801     0.923    0.6231    0.0599   0.03191         0
    12/299       11G   0.03346   0.01749         0   0.05095        46       640    0.8311    0.8761    0.9195    0.5899   0.06002   0.03155         0
    13/299       11G    0.0377   0.01686         0   0.05456        47       640    0.8292    0.8651    0.9095    0.5535   0.06247   0.03209         0
    14/299       11G   0.03654   0.01771         0   0.05425        17       640    0.8566    0.8333    0.9145    0.5764    0.0624   0.03215         0
    15/299       11G   0.03333   0.01717         0    0.0505        82       640    0.8655    0.8829     0.943    0.5963   0.06014   0.03118         0
    16/299       11G   0.03319   0.01626         0   0.04946        22       640    0.8859     0.873    0.9418    0.6452   0.05604   0.03349         0
    17/299       11G   0.03274   0.01571         0   0.04844        43       640    0.8717    0.8481    0.9312     0.622   0.05431   0.03455         0
    18/299       11G   0.03234   0.01548         0   0.04782        33       640    0.9016    0.8627     0.949     0.648   0.05217   0.03589         0
    19/299       11G   0.03072   0.01649         0   0.04721        15       640    0.8702      0.89    0.9449    0.6254   0.05082    0.0365         0
    20/299       11G   0.03018    0.0153         0   0.04548        25       640    0.8815    0.8878     0.943    0.6423   0.05144   0.03555         0
    21/299       11G   0.02955   0.01545         0     0.045        46       640    0.8913    0.8741    0.9469    0.6771   0.04793   0.03642         0
    22/299       11G   0.03183   0.01454         0   0.04637         7       640    0.8809    0.9059    0.9528    0.5667   0.05231    0.0361         0
    23/299       11G   0.03165    0.0155         0   0.04715        29       640    0.9082    0.8751    0.9537    0.6481   0.04857   0.03744         0
    24/299       11G   0.02994   0.01491         0   0.04485        44       640    0.8802    0.8934    0.9456    0.6729   0.04842   0.03885         0
    25/299       11G   0.02867    0.0152         0   0.04387        28       640    0.8971    0.8898    0.9573    0.6559   0.04996   0.03674         0
    26/299       11G   0.02935   0.01507         0   0.04442        37       640    0.9014    0.8911    0.9558    0.6928   0.04743   0.03742         0
    27/299       11G   0.02811   0.01608         0   0.04419         7       640    0.9025     0.873     0.948    0.6685   0.04698   0.03894         0
    28/299       11G   0.02801    0.0159         0   0.04391        49       640    0.9018    0.8878    0.9508    0.6873   0.04515   0.03982         0
    29/299       11G    0.0274   0.01485         0   0.04225        36       640    0.8987    0.8968    0.9501     0.684   0.04309   0.03964         0
    30/299       11G   0.02763   0.01526         0   0.04289        15       640    0.8941    0.9195    0.9648    0.7025    0.0412   0.03952         0
    31/299       11G    0.0264    0.0138         0    0.0402        35       640    0.9414     0.856    0.9594    0.7098   0.04117   0.04024         0
    32/299       11G   0.02674   0.01545         0   0.04219        35       640    0.9319    0.8855    0.9644    0.7101   0.04196   0.04056         0
    33/299       11G   0.02603   0.01512         0   0.04115        31       640    0.9035    0.9308    0.9706     0.714   0.03962   0.04049         0
    34/299       11G   0.02688   0.01454         0   0.04142        26       640    0.9246    0.9036    0.9682    0.7176   0.03917   0.04117         0
    35/299       11G   0.02575   0.01496         0   0.04071        41       640     0.908    0.9195    0.9698    0.7239   0.03862   0.04026         0
    36/299       11G   0.02552   0.01465         0   0.04017        63       640    0.9032    0.9218    0.9641    0.7022   0.04105   0.03954         0
    37/299       11G   0.02557   0.01378         0   0.03935        21       640    0.9446    0.8957    0.9734    0.7249   0.04074   0.03863         0
    38/299       11G   0.02561   0.01405         0   0.03966        35       640    0.9291    0.9206    0.9742    0.7162   0.03892   0.04208         0
    39/299       11G   0.02538   0.01398         0   0.03936        32       640    0.9498    0.9013    0.9726    0.7276   0.03912   0.04019         0
    40/299       11G   0.02512   0.01434         0   0.03946        30       640    0.9336    0.9398    0.9776    0.7228   0.03768   0.03941         0
    41/299       11G    0.0253   0.01356         0   0.03886        16       640    0.9551    0.8931    0.9743     0.731   0.03758   0.04091         0
    42/299       11G   0.02494   0.01387         0    0.0388        14       640    0.9273     0.925    0.9732    0.7255   0.03768   0.04217         0
    43/299       11G   0.02495   0.01383         0   0.03879        24       640    0.9476    0.9229    0.9791    0.7439   0.03698   0.04036         0
    44/299       11G    0.0246   0.01324         0   0.03785        28       640    0.9604    0.9104    0.9812    0.7484   0.03732   0.04037         0
    45/299       11G   0.02417   0.01291         0   0.03708        25       640    0.9294    0.9274    0.9758    0.7349    0.0374   0.04008         0
    46/299       11G   0.02433   0.01403         0   0.03836        23       640    0.9348    0.9592    0.9818    0.7394   0.03626   0.04161         0
    47/299       11G   0.02394   0.01358         0   0.03752        60       640    0.9666    0.9218    0.9832    0.7467   0.03691   0.04107         0
    48/299       11G    0.0237     0.013         0   0.03671        26       640    0.9578    0.9274    0.9827    0.7539   0.03541   0.04073         0
    49/299       11G   0.02246   0.01267         0   0.03513        14       640    0.9531    0.9467    0.9828    0.7487   0.03569    0.0413         0
    50/299       11G   0.02397   0.01332         0   0.03729        40       640    0.9398    0.9399    0.9822    0.7555   0.03534   0.04042         0
    51/299       11G   0.02375   0.01322         0   0.03697        30       640    0.9467    0.9524    0.9833    0.7533   0.03638      0.04         0
    52/299       11G    0.0231   0.01362         0   0.03672        22       640    0.9541    0.9456    0.9841    0.7593   0.03533   0.04154         0
    53/299       11G   0.02364    0.0133         0   0.03694        48       640    0.9594    0.9456    0.9852    0.7629   0.03499   0.04125         0
    54/299       11G   0.02356   0.01362         0   0.03717        31       640    0.9549    0.9456     0.985    0.7596   0.03579   0.04126         0
    55/299       11G   0.02335   0.01305         0    0.0364        14       640    0.9545    0.9592    0.9877    0.7579     0.036   0.04043         0
    56/299       11G    0.0234   0.01225         0   0.03565        40       640    0.9675    0.9467    0.9879    0.7611   0.03576   0.04081         0
    57/299       11G   0.02318   0.01222         0    0.0354        27       640    0.9433    0.9614    0.9887    0.7619   0.03609   0.04176         0
    58/299       11G   0.02309   0.01347         0   0.03656        22       640    0.9564    0.9454    0.9868    0.7706   0.03537    0.0412         0
    59/299       11G   0.02317   0.01219         0   0.03537        24       640    0.9798    0.9433    0.9912    0.7745   0.03468   0.04189         0
    60/299       11G   0.02292   0.01284         0   0.03576        17       640     0.954    0.9671      0.99    0.7689   0.03489   0.04128         0
    61/299       11G   0.02256   0.01274         0    0.0353        17       640    0.9581    0.9637    0.9894    0.7776   0.03565   0.04042         0
    62/299       11G   0.02309   0.01246         0   0.03555        34       640     0.965    0.9739    0.9919    0.7797   0.03577   0.04062         0
    63/299       11G   0.02305    0.0123         0   0.03535        24       640    0.9681    0.9625     0.991    0.7813   0.03646   0.04059         0
    64/299       11G   0.02252   0.01203         0   0.03455        25       640    0.9755    0.9569    0.9908    0.7796   0.03575   0.04123         0
    65/299       11G   0.02252   0.01329         0   0.03581        42       640    0.9603    0.9626    0.9896    0.7828   0.03485   0.04075         0
    66/299       11G   0.02306   0.01258         0   0.03564        33       640     0.956    0.9626    0.9893    0.7763   0.03422   0.04078         0
    67/299       11G   0.02215   0.01167         0   0.03382        16       640    0.9682    0.9671    0.9907    0.7941    0.0338   0.04104         0
    68/299       11G   0.02223   0.01267         0    0.0349        29       640    0.9743    0.9454    0.9901    0.7956   0.03429   0.04189         0
    69/299       11G   0.02198   0.01229         0   0.03428        46       640    0.9726    0.9649    0.9929    0.7927    0.0346   0.04148         0
    70/299       11G   0.02192   0.01217         0   0.03409        20       640    0.9696    0.9762     0.993    0.7908   0.03484   0.04026         0
    71/299       11G   0.02202   0.01258         0    0.0346        29       640    0.9608    0.9716    0.9928    0.7956   0.03442   0.04099         0
    72/299       11G   0.02212   0.01247         0   0.03458        49       640    0.9662    0.9727    0.9922    0.7966   0.03362   0.04097         0
    73/299       11G   0.02142   0.01203         0   0.03345        26       640    0.9741    0.9795    0.9941    0.7948   0.03319   0.04142         0
    74/299       11G   0.02216   0.01224         0    0.0344        25       640    0.9727    0.9681     0.994    0.8004   0.03315   0.04105         0
    75/299       11G   0.02213   0.01287         0     0.035        67       640    0.9751     0.975    0.9935    0.7984   0.03354   0.04199         0
    76/299       11G   0.02176   0.01209         0   0.03385        13       640    0.9695    0.9716    0.9909    0.8054   0.03303   0.04078         0
    77/299       11G    0.0214    0.0116         0     0.033        10       640    0.9751    0.9796    0.9926    0.7906   0.03312   0.04216         0
    78/299       11G    0.0212   0.01167         0   0.03287        15       640    0.9795    0.9761    0.9929       0.8    0.0322   0.04236         0
    79/299       11G   0.02106    0.0114         0   0.03246        15       640    0.9786    0.9852    0.9941    0.8073    0.0324   0.04239         0
    80/299       11G   0.02196   0.01172         0   0.03367        32       640    0.9718    0.9773    0.9921    0.8019   0.03328   0.04227         0
    81/299       11G   0.02105   0.01142         0   0.03246        19       640    0.9785    0.9784    0.9944    0.8121   0.03264   0.04234         0
    82/299       11G   0.02111   0.01222         0   0.03333        55       640    0.9797    0.9852    0.9946    0.8148   0.03258   0.04123         0
    83/299       11G   0.02054   0.01115         0   0.03168        41       640    0.9828    0.9738    0.9956     0.814   0.03197   0.04173         0
    84/299       11G   0.02077   0.01188         0   0.03266        42       640    0.9763    0.9875    0.9951    0.8087   0.03183    0.0415         0
    85/299       11G   0.02047   0.01206         0   0.03253        29       640    0.9885    0.9728    0.9944    0.8148   0.03239   0.04197         0
    86/299       11G   0.02057   0.01168         0   0.03224        35       640    0.9907    0.9657    0.9945    0.8117   0.03182   0.04223         0
    87/299       11G     0.021    0.0119         0   0.03291        13       640    0.9842    0.9862    0.9953    0.8172   0.03242   0.04224         0
    88/299       11G   0.02083   0.01154         0   0.03237        18       640    0.9696    0.9761    0.9933    0.8158   0.03245    0.0425         0
    89/299       11G   0.02062   0.01131         0   0.03193        12       640    0.9807    0.9793    0.9934    0.8189   0.03233     0.042         0
    90/299       11G   0.02138   0.01125         0   0.03263        11       640    0.9873    0.9785    0.9943    0.8183    0.0318    0.0422         0
    91/299       11G   0.02021   0.01127         0   0.03147        20       640    0.9784    0.9762    0.9947    0.8242   0.03207    0.0405         0
    92/299       11G   0.01994   0.01069         0   0.03063        15       640    0.9698    0.9829    0.9932    0.8225   0.03304   0.04122         0
    93/299       11G   0.02067   0.01105         0   0.03172        44       640    0.9795    0.9762    0.9944    0.8229   0.03215   0.04219         0
    94/299       11G   0.02002   0.01152         0   0.03153        33       640    0.9688    0.9875    0.9947    0.8298   0.03122   0.04255         0
    95/299       11G   0.02008   0.01199         0   0.03207        19       640    0.9787    0.9887    0.9956    0.8154   0.03231   0.04303         0
    96/299       11G   0.02082   0.01156         0   0.03238        51       640    0.9839    0.9728    0.9941    0.8274   0.03144   0.04142         0
    97/299       11G   0.02019   0.01173         0   0.03193        59       640    0.9831    0.9898     0.995    0.8391   0.03116   0.04258         0
    98/299       11G   0.01984   0.01132         0   0.03115        15       640    0.9851     0.975    0.9951      0.83   0.03144   0.04316         0
    99/299       11G   0.02012   0.01136         0   0.03148        16       640    0.9931    0.9819    0.9958     0.835   0.03136   0.04267         0
   100/299       11G   0.02061   0.01229         0   0.03289        40       640    0.9852    0.9853    0.9956    0.8361   0.03093   0.04313         0
   101/299       11G   0.01886   0.01171         0   0.03058        26       640    0.9942    0.9751    0.9959    0.8419   0.03059   0.04275         0
   102/299       11G   0.01907   0.01084         0    0.0299        40       640    0.9887    0.9898    0.9958    0.8379   0.03067   0.04354         0
   103/299       11G   0.01911   0.01049         0    0.0296        47       640    0.9799    0.9943    0.9953    0.8373   0.03034   0.04351         0
   104/299       11G   0.02001   0.01104         0   0.03105        24       640    0.9909    0.9887    0.9961    0.8417   0.02985   0.04401         0
   105/299       11G   0.01974   0.01139         0   0.03114        43       640    0.9787    0.9898    0.9959    0.8433   0.03049    0.0432         0
   106/299       11G   0.01969   0.01176         0   0.03145        44       640     0.983    0.9853    0.9958    0.8447   0.03078   0.04245         0
   107/299       11G   0.01926   0.01115         0   0.03041        32       640    0.9766    0.9932    0.9962    0.8412   0.03026   0.04347         0
   108/299       11G   0.01997   0.01117         0   0.03114        22       640     0.992    0.9887    0.9962    0.8515   0.03024   0.04269         0
   109/299       11G    0.0193   0.01082         0   0.03012        33       640    0.9898    0.9887    0.9963    0.8545   0.02978   0.04263         0
   110/299       11G   0.01905   0.01138         0   0.03043        41       640    0.9887    0.9955    0.9966    0.8542   0.02952   0.04314         0
   111/299       11G   0.01933   0.01096         0   0.03029        50       640    0.9854    0.9955    0.9969     0.853   0.03001    0.0435         0
   112/299       11G   0.01923   0.01098         0   0.03021         9       640    0.9887    0.9932    0.9967    0.8573   0.03052   0.04394         0
   113/299       11G   0.01927   0.01061         0   0.02988        15       640    0.9909    0.9943    0.9969    0.8615   0.03029   0.04188         0
   114/299       11G   0.01883   0.01083         0   0.02966        37       640    0.9954    0.9898    0.9972    0.8568   0.03031   0.04273         0
   115/299       11G    0.0182  0.009834         0   0.02803        16       640    0.9821    0.9932    0.9972    0.8613    0.0303   0.04337         0
   116/299       11G   0.01873   0.01092         0   0.02966        14       640    0.9887    0.9943    0.9972    0.8588   0.02993   0.04245         0
   117/299       11G   0.01847   0.01068         0   0.02916        22       640    0.9909     0.985     0.996    0.8669   0.02995    0.0444         0
   118/299       11G   0.01872   0.01037         0   0.02909        16       640    0.9875    0.9875    0.9962    0.8657   0.03098   0.04323         0
   119/299       11G   0.01867   0.00986         0   0.02853        12       640    0.9909    0.9886    0.9972     0.865   0.03032   0.04377         0
   120/299       11G   0.01867   0.01056         0   0.02923        21       640    0.9864    0.9921    0.9969    0.8619   0.03017   0.04477         0
   121/299       11G   0.01845   0.01088         0   0.02934        66       640    0.9887    0.9955     0.997    0.8651   0.02998   0.04391         0
   122/299       11G   0.01915   0.01107         0   0.03022         7       640    0.9955    0.9954    0.9972    0.8647     0.029   0.04279         0
   123/299       11G   0.01816    0.0106         0   0.02876        28       640    0.9932    0.9943    0.9967    0.8702   0.02888   0.04377         0
   124/299       11G   0.01819    0.0106         0   0.02879        16       640    0.9876    0.9955    0.9969    0.8633   0.02886    0.0436         0
   125/299       11G   0.01741  0.009837         0   0.02724        43       640    0.9921    0.9943    0.9975    0.8669   0.02923   0.04408         0
   126/299       11G   0.01827   0.01043         0    0.0287        32       640    0.9943    0.9932    0.9973    0.8752   0.03052   0.04297         0
   127/299       11G   0.01849   0.01031         0    0.0288        36       640    0.9899    0.9977    0.9968    0.8757   0.03109   0.04281         0
   128/299       11G   0.01783  0.009871         0    0.0277        23       640    0.9919    0.9966    0.9964    0.8744   0.03082   0.04294         0
   129/299       11G   0.01796   0.01001         0   0.02796         9       640    0.9955    0.9977    0.9968    0.8808   0.02957   0.04317         0
   130/299       11G   0.01765   0.01105         0    0.0287        28       640    0.9932    0.9955    0.9973    0.8737   0.02941   0.04384         0
   131/299       11G   0.01761   0.01043         0   0.02803        12       640     0.991    0.9977    0.9973    0.8806   0.02853   0.04461         0
   132/299       11G   0.01705   0.01052         0   0.02757        41       640    0.9887    0.9932    0.9967    0.8806   0.02934   0.04402         0
   133/299       11G   0.01701  0.009946         0   0.02696        39       640    0.9887    0.9943    0.9967    0.8802   0.02913   0.04478         0
   134/299       11G   0.01704   0.01016         0    0.0272        37       640    0.9943    0.9909    0.9969     0.885   0.02915   0.04431         0
   135/299       11G   0.01722  0.009923         0   0.02714        27       640    0.9876    0.9966    0.9971      0.88   0.02935   0.04332         0
   136/299       11G   0.01739   0.01004         0   0.02743        44       640    0.9921    0.9943    0.9965    0.8804   0.02902   0.04426         0
   137/299       11G   0.01716   0.01006         0   0.02722        28       640    0.9977    0.9909     0.997    0.8808    0.0287   0.04424         0
   138/299       11G    0.0173  0.009862         0   0.02716         8       640    0.9909    0.9932    0.9971    0.8832   0.02848   0.04405         0
   139/299       11G   0.01692   0.01006         0   0.02698        36       640    0.9943    0.9932    0.9973    0.8868   0.02822   0.04478         0
   140/299       11G   0.01676   0.01008         0   0.02684        32       640    0.9921    0.9955    0.9975    0.8828   0.02808   0.04357         0
   141/299       11G   0.01695    0.0103         0   0.02725        28       640    0.9943    0.9966    0.9971     0.879    0.0284   0.04473         0
   142/299       11G    0.0168  0.009284         0   0.02608        31       640    0.9943         1    0.9973    0.8913   0.02863    0.0444         0
   143/299       11G   0.01683  0.009636         0   0.02647        34       640    0.9965    0.9955    0.9972    0.8902   0.02942   0.04485         0
   144/299       11G   0.01706   0.01017         0   0.02723        10       640    0.9932    0.9977    0.9971    0.8917   0.02894   0.04367         0
   145/299       11G   0.01686   0.01046         0   0.02732        66       640    0.9955    0.9965     0.997    0.8953   0.02903   0.04481         0
   146/299       11G   0.01651   0.00951         0   0.02602        23       640    0.9943    0.9955    0.9973    0.8932   0.02908   0.04491         0
   147/299       11G    0.0167   0.01002         0   0.02672        14       640    0.9966    0.9932    0.9972    0.8886   0.02863   0.04397         0
   148/299       11G   0.01671   0.01004         0   0.02675        31       640    0.9989    0.9932    0.9971    0.8917   0.02816   0.04498         0
   149/299       11G    0.0166  0.009716         0   0.02631        10       640    0.9989    0.9966    0.9975    0.8988   0.02802   0.04602         0
   150/299       11G   0.01663  0.009957         0   0.02659         9       640    0.9977    0.9989    0.9972    0.8985   0.02843   0.04488         0
   151/299       11G   0.01635    0.0088         0   0.02515        25       640    0.9955    0.9955    0.9973    0.8991   0.02779   0.04445         0
   152/299       11G   0.01633   0.01007         0   0.02641        59       640    0.9944         1    0.9975    0.8961   0.02761   0.04481         0
   153/299       11G   0.01603  0.009433         0   0.02546        14       640         1    0.9966    0.9969    0.8972   0.02842   0.04478         0
   154/299       11G   0.01617  0.009191         0   0.02536        36       640    0.9989    0.9943     0.997     0.897   0.02863   0.04504         0
   155/299       11G   0.01619  0.009625         0   0.02581        12       640    0.9943    0.9955    0.9969    0.9019   0.02924   0.04467         0
   156/299       11G   0.01609  0.009384         0   0.02548         9       640    0.9966    0.9966    0.9969    0.8997    0.0288   0.04478         0
   157/299       11G    0.0157  0.009475         0   0.02518        36       640    0.9966    0.9977     0.997    0.9014   0.02861   0.04595         0
   158/299       11G   0.01615  0.009282         0   0.02544        34       640    0.9977    0.9966    0.9974    0.9046   0.02804   0.04601         0
   159/299       11G   0.01588   0.00952         0    0.0254        19       640    0.9977    0.9966    0.9974    0.9043   0.02839   0.04559         0
   160/299       11G   0.01608   0.00968         0   0.02576        24       640    0.9989    0.9955    0.9973    0.9075   0.02781   0.04449         0
   161/299       11G   0.01582  0.009517         0   0.02533        30       640    0.9977    0.9989    0.9975    0.9058    0.0279   0.04504         0
   162/299       11G   0.01604   0.01015         0   0.02619        16       640    0.9977    0.9966    0.9974    0.9084    0.0276   0.04543         0
   163/299       11G   0.01509  0.009246         0   0.02434        11       640    0.9955    0.9977    0.9976    0.9111   0.02757    0.0458         0
   164/299       11G   0.01632  0.009572         0   0.02589         9       640    0.9989    0.9977    0.9978    0.9108   0.02797   0.04592         0
   165/299       11G   0.01534    0.0094         0   0.02474         8       640    0.9944    0.9977    0.9976    0.9106   0.02795   0.04473         0
   166/299       11G   0.01522  0.009394         0   0.02462        23       640    0.9943    0.9989    0.9974    0.9036    0.0282   0.04614         0
   167/299       11G   0.01543  0.009241         0   0.02467        15       640    0.9966    0.9955    0.9975    0.9067   0.02776   0.04668         0
   168/299       11G   0.01545  0.008998         0   0.02445        22       640    0.9977    0.9977    0.9973    0.9076   0.02817   0.04596         0
   169/299       11G   0.01498  0.008972         0   0.02395        13       640    0.9977         1    0.9976    0.9039   0.02773   0.04587         0
   170/299       11G   0.01498  0.009109         0   0.02409        27       640    0.9977    0.9989    0.9973    0.9098   0.02758   0.04603         0
   171/299       11G   0.01531  0.009927         0   0.02524        12       640    0.9977         1    0.9977    0.9159   0.02747   0.04635         0
   172/299       11G   0.01544  0.009642         0   0.02508        61       640         1    0.9955    0.9977    0.9081    0.0275   0.04642         0
   173/299       11G   0.01527  0.009219         0   0.02449        34       640    0.9966    0.9989    0.9977    0.9094   0.02747   0.04642         0
   174/299       11G    0.0155  0.009135         0   0.02464        33       640    0.9955         1    0.9976    0.9154   0.02811   0.04603         0
   175/299       11G    0.0149   0.00869         0   0.02359        36       640    0.9989         1    0.9974    0.9133   0.02785   0.04631         0
   176/299       11G   0.01486  0.008893         0   0.02375        28       640    0.9977    0.9989    0.9974    0.9142    0.0278   0.04633         0
   177/299       11G   0.01477  0.008996         0   0.02376        32       640    0.9977    0.9989    0.9979    0.9179   0.02728   0.04674         0
   178/299       11G   0.01493  0.008693         0   0.02363        28       640    0.9955    0.9989     0.998     0.921   0.02645   0.04811         0
   179/299       11G   0.01519  0.008747         0   0.02393        33       640    0.9944    0.9989    0.9973    0.9224   0.02591    0.0477         0
   180/299       11G   0.01455  0.008993         0   0.02354        33       640    0.9977    0.9989    0.9976    0.9189   0.02648    0.0465         0
   181/299       11G   0.01459  0.009363         0   0.02395        30       640    0.9955    0.9989    0.9979    0.9222   0.02638   0.04696         0
   182/299       11G   0.01405  0.008754         0   0.02281        44       640    0.9977         1    0.9976    0.9258   0.02642   0.04709         0
   183/299       11G   0.01449  0.009107         0    0.0236        21       640    0.9989         1    0.9976    0.9262   0.02679   0.04657         0
   184/299       11G   0.01423  0.009351         0   0.02358        10       640    0.9977    0.9966     0.998    0.9253   0.02719   0.04711         0
   185/299       11G   0.01452  0.008941         0   0.02347        33       640    0.9988    0.9966    0.9981    0.9284   0.02683   0.04693         0
   186/299       11G   0.01455  0.008696         0   0.02325        21       640    0.9966    0.9989     0.998    0.9269   0.02741   0.04688         0
   187/299       11G   0.01433  0.009373         0   0.02371        43       640    0.9932    0.9989    0.9977    0.9286   0.02693   0.04688         0
   188/299       11G   0.01415  0.008774         0   0.02293        44       640    0.9955    0.9989     0.998    0.9319   0.02674   0.04727         0
   189/299       11G   0.01384  0.008573         0   0.02241        31       640    0.9966         1    0.9982    0.9285    0.0269   0.04753         0
   190/299       11G   0.01409  0.008523         0   0.02261        11       640         1         1    0.9982    0.9299   0.02701   0.04692         0
   191/299       11G   0.01454  0.008437         0   0.02297        16       640         1         1    0.9981    0.9286   0.02689   0.04709         0
   192/299       11G   0.01445  0.009041         0    0.0235        36       640    0.9966         1    0.9979    0.9278     0.027   0.04776         0
   193/299       11G   0.01439  0.008814         0    0.0232        12       640    0.9989         1    0.9979    0.9308    0.0265   0.04792         0
   194/299       11G   0.01487  0.008707         0   0.02357        14       640         1         1    0.9978    0.9319   0.02721   0.04877         0
   195/299       11G   0.01408  0.008931         0   0.02301        11       640         1         1     0.998    0.9321   0.02723   0.04812         0
   196/299       11G   0.01404  0.008139         0   0.02218        22       640         1    0.9977    0.9982    0.9346   0.02681    0.0478         0
   197/299       11G   0.01412  0.008248         0   0.02237        25       640         1    0.9966     0.998    0.9349   0.02634   0.04852         0
   198/299       11G   0.01446  0.008841         0    0.0233        24       640    0.9988    0.9977    0.9979    0.9349   0.02657    0.0483         0
   199/299       11G   0.01384   0.00874         0   0.02258        51       640         1    0.9988    0.9981    0.9343   0.02673    0.0478         0
   200/299       11G   0.01418  0.009069         0   0.02325        34       640    0.9989    0.9989    0.9983    0.9333    0.0267   0.04808         0
   201/299       11G   0.01345  0.008545         0     0.022        27       640    0.9989         1     0.998    0.9353   0.02688   0.04752         0
   202/299       11G    0.0138  0.008633         0   0.02244        27       640    0.9955         1    0.9977    0.9323   0.02665    0.0481         0
   203/299       11G   0.01326  0.007997         0   0.02125        16       640         1    0.9977    0.9977    0.9383   0.02638   0.04829         0
   204/299       11G    0.0137  0.008922         0   0.02262        44       640    0.9977         1     0.998     0.938   0.02633   0.04883         0
   205/299       11G   0.01301     0.008         0   0.02101        20       640    0.9989    0.9989    0.9983    0.9419    0.0262   0.04925         0
   206/299       11G    0.0138    0.0087         0    0.0225        21       640    0.9977    0.9977    0.9978    0.9393   0.02682   0.04915         0
   207/299       11G   0.01335  0.008176         0   0.02152        49       640         1    0.9988     0.998     0.943   0.02652   0.04882         0
   208/299       11G   0.01336  0.008212         0   0.02158        27       640    0.9989         1    0.9982    0.9412   0.02599   0.04886         0
   209/299       11G   0.01335  0.007997         0   0.02135        32       640         1         1    0.9982    0.9414     0.026   0.04936         0
   210/299       11G   0.01319  0.008266         0   0.02145        19       640         1         1    0.9981    0.9479     0.026   0.05033         0
   211/299       11G   0.01339  0.008377         0   0.02177        34       640         1         1    0.9982     0.946   0.02574   0.04928         0
   212/299       11G    0.0133  0.008399         0    0.0217        36       640         1         1    0.9981    0.9461   0.02629   0.04889         0
   213/299       11G   0.01314  0.008037         0   0.02118        32       640    0.9989         1    0.9981    0.9477   0.02638   0.04895         0
   214/299       11G   0.01327   0.00796         0   0.02123        22       640         1         1    0.9981    0.9461   0.02624   0.04931         0
   215/299       11G   0.01321  0.008216         0   0.02143        36       640    0.9989         1     0.998    0.9436   0.02605   0.04944         0
   216/299       11G    0.0131  0.008049         0   0.02115        15       640    0.9989    0.9977     0.998    0.9444   0.02602   0.04969         0
   217/299       11G    0.0133  0.008437         0   0.02174        22       640    0.9989    0.9989     0.998    0.9467   0.02601   0.05033         0
   218/299       11G   0.01272   0.00793         0   0.02065        22       640         1    0.9989    0.9982    0.9489   0.02594   0.04977         0
   219/299       11G   0.01262  0.007834         0   0.02046        39       640         1         1    0.9982    0.9498   0.02603    0.0498         0
   220/299       11G   0.01289  0.007747         0   0.02064        19       640    0.9977         1    0.9981    0.9483   0.02625   0.04926         0
   221/299       11G   0.01339  0.008653         0   0.02204        57       640    0.9955         1    0.9982    0.9504   0.02595   0.05018         0
   222/299       11G   0.01295  0.008005         0   0.02095        25       640    0.9977         1    0.9982    0.9507   0.02609   0.05027         0
   223/299       11G   0.01308  0.008196         0   0.02128        34       640         1         1    0.9982     0.953   0.02622   0.04967         0
   224/299       11G    0.0124  0.007819         0   0.02022        25       640    0.9989         1    0.9983    0.9522     0.026   0.04988         0
   225/299       11G   0.01311  0.008154         0   0.02126        10       640         1         1    0.9985     0.954   0.02589   0.04967         0
   226/299       11G   0.01269  0.008527         0   0.02122        44       640    0.9977         1    0.9983    0.9533   0.02608   0.05003         0
   227/299       11G   0.01293  0.008166         0    0.0211        26       640    0.9977         1    0.9982    0.9541   0.02572   0.04999         0
   228/299       11G   0.01293  0.007958         0   0.02089        21       640    0.9977         1     0.998    0.9529   0.02589   0.04969         0
   229/299       11G   0.01288   0.00798         0   0.02086        95       640    0.9989         1    0.9981    0.9507   0.02626    0.0496         0
   230/299       11G   0.01267  0.008035         0   0.02071        38       640         1         1    0.9982    0.9514   0.02675   0.04942         0
   231/299       11G   0.01216  0.007945         0    0.0201        23       640         1         1    0.9984    0.9586   0.02618   0.04889         0
   232/299       11G   0.01255  0.008494         0   0.02104        29       640         1         1    0.9984    0.9548   0.02602   0.04902         0
   233/299       11G   0.01261   0.00773         0   0.02034        29       640         1         1    0.9985    0.9552   0.02602   0.04963         0
   234/299       11G   0.01267  0.007767         0   0.02044        49       640         1         1    0.9984    0.9568   0.02576   0.05007         0
   235/299       11G   0.01248  0.007895         0   0.02038        38       640    0.9989         1    0.9984    0.9548   0.02543   0.04953         0
   236/299       11G   0.01214   0.00817         0   0.02031        21       640    0.9989         1    0.9985    0.9603   0.02571    0.0496         0
   237/299       11G   0.01279  0.007915         0    0.0207        45       640    0.9977         1    0.9984    0.9594   0.02617   0.05009         0
   238/299       11G   0.01239  0.007826         0   0.02021        19       640    0.9989         1    0.9984    0.9591   0.02621   0.05027         0
   239/299       11G   0.01233   0.00797         0    0.0203        51       640         1         1    0.9985    0.9579   0.02622   0.05053         0
   240/299       11G   0.01231  0.007295         0    0.0196         8       640         1         1    0.9986    0.9557   0.02624   0.05114         0
   241/299       11G   0.01233   0.00797         0    0.0203        24       640         1         1    0.9986     0.958   0.02594   0.05138         0
   242/299       11G   0.01242  0.007328         0   0.01975        23       640         1         1    0.9984    0.9607   0.02594    0.0513         0
   243/299       11G   0.01223  0.007438         0   0.01966        25       640    0.9989         1    0.9983    0.9616   0.02568   0.05138         0
   244/299       11G   0.01231  0.007857         0   0.02016        36       640         1         1    0.9982    0.9599   0.02588   0.05139         0
   245/299       11G   0.01289  0.007974         0   0.02087        36       640         1         1    0.9981    0.9605   0.02556   0.05083         0
   246/299       11G   0.01209  0.007683         0   0.01977        48       640         1         1    0.9982    0.9595   0.02554    0.0512         0
   247/299       11G   0.01208  0.008182         0   0.02026        31       640         1         1    0.9984     0.959   0.02549   0.05161         0
   248/299       11G   0.01245  0.007746         0    0.0202        32       640         1         1    0.9985    0.9586   0.02531   0.05155         0
   249/299       11G   0.01154   0.00744         0   0.01898        38       640         1         1    0.9985     0.962   0.02554   0.05131         0
   250/299       11G   0.01252  0.008023         0   0.02055        41       640    0.9989         1    0.9985    0.9635   0.02557   0.05096         0
   251/299       11G   0.01168    0.0078         0   0.01948        30       640    0.9989         1    0.9986    0.9623   0.02545    0.0513         0
   252/299       11G    0.0121   0.00807         0   0.02017        28       640    0.9989         1    0.9985    0.9605   0.02558    0.0512         0
   253/299       11G   0.01192  0.007423         0   0.01935        16       640    0.9989         1    0.9983    0.9605   0.02568   0.05159         0
   254/299       11G   0.01187  0.007393         0   0.01926        31       640    0.9989    0.9989    0.9983    0.9616   0.02566   0.05159         0
   255/299       11G   0.01163  0.007729         0   0.01936        11       640    0.9989         1    0.9984    0.9618    0.0257    0.0514         0
   256/299       11G   0.01227  0.007588         0   0.01986        29       640    0.9989         1    0.9985    0.9617   0.02567   0.05152         0
   257/299       11G   0.01176  0.007677         0   0.01944        29       640    0.9989         1    0.9985    0.9635   0.02549   0.05177         0
   258/299       11G   0.01212  0.007407         0   0.01952        30       640    0.9999         1    0.9985     0.964   0.02573   0.05199         0
   259/299       11G   0.01172  0.007465         0   0.01919        59       640         1         1    0.9985    0.9637   0.02548   0.05255         0
   260/299       11G   0.01225  0.007676         0   0.01993        55       640         1         1    0.9986    0.9662   0.02515   0.05275         0
   261/299       11G   0.01231  0.007623         0   0.01993        27       640         1         1    0.9987    0.9641   0.02541   0.05289         0
   262/299       11G   0.01202  0.008088         0   0.02011        29       640    0.9989         1    0.9987    0.9664   0.02547   0.05229         0
   263/299       11G   0.01205  0.007996         0   0.02005        52       640    0.9989         1    0.9987    0.9676   0.02511   0.05198         0
   264/299       11G   0.01192  0.007531         0   0.01945        32       640    0.9989         1    0.9986     0.966   0.02552   0.05235         0
   265/299       11G   0.01149  0.007559         0   0.01905        18       640    0.9989         1    0.9986    0.9641   0.02577   0.05189         0
   266/299       11G   0.01215  0.007523         0   0.01967        37       640    0.9989         1    0.9985    0.9644   0.02604   0.05192         0
   267/299       11G    0.0122  0.007821         0   0.02002        20       640    0.9989         1    0.9984    0.9633   0.02611   0.05243         0
   268/299       11G   0.01157   0.00722         0   0.01879        16       640    0.9977         1    0.9985    0.9651   0.02605   0.05178         0
   269/299       11G   0.01181  0.007938         0   0.01974        31       640    0.9989         1    0.9987    0.9653   0.02583   0.05195         0
   270/299       11G   0.01132  0.007156         0   0.01848        14       640    0.9989         1    0.9987    0.9695   0.02571   0.05227         0
   271/299       11G    0.0118  0.007318         0   0.01912        45       640    0.9999    0.9989    0.9987    0.9693   0.02562   0.05167         0
   272/299       11G    0.0115  0.007562         0   0.01907        41       640    0.9989         1    0.9985    0.9686   0.02576   0.05187         0
   273/299       11G   0.01188  0.007492         0   0.01937        12       640    0.9989         1    0.9985    0.9697   0.02562   0.05177         0
   274/299       11G   0.01191  0.007261         0   0.01917        23       640         1    0.9989    0.9986    0.9704   0.02568   0.05175         0
   275/299       11G   0.01179  0.007521         0   0.01931        22       640    0.9989         1    0.9986    0.9678   0.02581   0.05175         0
   276/299       11G   0.01115    0.0072         0   0.01835        25       640    0.9989         1    0.9986    0.9675   0.02579   0.05168         0
   277/299       11G   0.01142  0.007285         0   0.01871        30       640         1         1    0.9986    0.9688   0.02577   0.05221         0
   278/299       11G   0.01147  0.007271         0   0.01875        20       640    0.9989         1    0.9986    0.9705   0.02592   0.05256         0
   279/299       11G   0.01176  0.007676         0   0.01944        57       640         1    0.9999    0.9986    0.9683    0.0258   0.05248         0
   280/299       11G   0.01169  0.007784         0   0.01948        33       640         1         1    0.9985    0.9698   0.02568   0.05231         0
   281/299       11G   0.01182  0.007902         0   0.01972        66       640         1         1    0.9986    0.9716   0.02563   0.05258         0
   282/299       11G   0.01174  0.007364         0    0.0191        33       640         1         1    0.9987    0.9698    0.0258    0.0524         0
   283/299       11G    0.0115  0.007803         0   0.01931        33       640         1         1    0.9987    0.9719    0.0258   0.05208         0
   284/299       11G   0.01135  0.006952         0    0.0183        23       640         1         1    0.9987    0.9741   0.02578   0.05232         0
   285/299       11G   0.01133  0.007205         0   0.01853        17       640         1         1    0.9988    0.9731    0.0257   0.05276         0
   286/299       11G   0.01163  0.007257         0   0.01889        27       640         1         1    0.9987    0.9719   0.02611   0.05281         0
   287/299       11G   0.01088  0.007242         0   0.01812        56       640         1         1    0.9987    0.9721   0.02587   0.05213         0
   288/299       11G   0.01076  0.006735         0    0.0175        44       640         1         1    0.9987    0.9724   0.02602   0.05198         0
   289/299       11G   0.01126  0.007248         0   0.01851        24       640         1         1    0.9987    0.9743   0.02582   0.05205         0
   290/299       11G   0.01144  0.007271         0   0.01871        30       640         1         1    0.9987    0.9759   0.02556   0.05212         0
   291/299       11G   0.01105  0.007013         0   0.01806        20       640         1         1    0.9988    0.9748   0.02564   0.05207         0
   292/299       11G   0.01156  0.007433         0   0.01899        39       640         1         1    0.9987    0.9745   0.02573   0.05183         0
   293/299       11G   0.01128  0.007183         0   0.01847        21       640         1         1    0.9987    0.9742   0.02582   0.05193         0
   294/299       11G   0.01164  0.007254         0   0.01889        50       640         1         1    0.9988    0.9755   0.02596   0.05253         0
   295/299       11G   0.01127  0.006728         0   0.01799        24       640         1         1    0.9987    0.9767   0.02591   0.05267         0
   296/299       11G   0.01159  0.007656         0   0.01925        37       640         1         1    0.9987    0.9729   0.02593   0.05324         0
   297/299       11G   0.01137  0.007277         0   0.01864        20       640         1         1    0.9988    0.9737   0.02587    0.0537         0
   298/299       11G   0.01103  0.006707         0   0.01773        24       640         1         1    0.9988    0.9743   0.02577   0.05397         0
   299/299       11G   0.01128  0.007138         0   0.01841        12       640         1         1    0.9988    0.9757   0.02574   0.05344         0
