     0/299     11.6G   0.07877   0.03735   0.06821    0.1843        42       640         0         0         0         0    0.1022   0.04229   0.06177
     1/299     11.5G   0.07445   0.02972   0.06326    0.1674        33       640         0         0         0         0    0.1014   0.04249   0.06164
     2/299     11.5G   0.07617   0.02748   0.06285    0.1665        33       640         0         0         0         0    0.1012    0.0424   0.06152
     3/299     11.5G    0.0741   0.02954   0.06205    0.1657        38       640         0         0         0         0    0.1008    0.0425   0.06142
     4/299     11.5G   0.07352   0.02876   0.06221    0.1645        74       640         0         0         0         0    0.1007   0.04243   0.06134
     5/299     11.5G    0.0739   0.02797   0.06188    0.1637        69       640 0.0003181 0.0006707 1.714e-05 1.714e-06    0.1028   0.04148   0.06513
     6/299     11.5G   0.07425   0.02827   0.06155    0.1641        85       640  0.000551  0.005442 5.545e-05  8.26e-06    0.1097    0.0395    0.1021
     7/299     11.5G    0.0739   0.02655    0.0613    0.1617        71       640 2.747e-05 0.0001664 4.625e-07 7.721e-08    0.1191   0.08914    0.2832
     8/299     11.5G   0.07253   0.02931   0.06077    0.1626        54       640 0.0002569  0.007105 2.358e-05 2.454e-06    0.1142   0.04266    0.1377
     9/299     11.5G   0.07298   0.03126    0.0607    0.1649        77       640 0.0002837  0.006188 4.584e-05 6.756e-06    0.1128   0.03739    0.1089
    10/299     11.5G   0.07172   0.02883   0.06049     0.161        77       640  0.000399  0.003428 4.756e-05 7.737e-06    0.1086   0.03931   0.08627
    11/299     11.5G   0.07169   0.02634   0.05987    0.1579        58       640   0.01624  0.008718 0.0006671 0.0002186     0.107   0.03853    0.0693
    12/299     11.5G   0.07252   0.02928    0.0597    0.1615        46       640    0.1553   0.00475  0.004906 0.0005049    0.1048   0.03962    0.0626
    13/299     11.5G   0.07209   0.02541   0.05901    0.1565        54       640   0.07572  0.004851  0.001598  0.000635    0.1044   0.03972    0.0626
    14/299     11.5G   0.07341    0.0271   0.05951      0.16        26       640 0.0004283  0.001787 0.0001196 2.033e-05    0.1045   0.03965   0.06281
    15/299     11.5G   0.07271   0.02626   0.05891    0.1579        37       640 0.0003127  0.002791  6.61e-05 3.045e-05    0.1039   0.03981   0.06106
    16/299     11.5G    0.0728   0.02583   0.05865    0.1573        78       640 0.0004303  0.006482 0.0001295 3.342e-05    0.1065   0.03822   0.06602
    17/299     11.5G   0.07255   0.02727   0.05893    0.1588        52       640  0.001396  0.007991  0.000373  6.82e-05    0.1095   0.03725   0.08557
    18/299     11.5G    0.0728   0.03083    0.0584     0.162        76       640    0.3838  0.004695  0.001364 0.0002732     0.108   0.03772   0.07272
    19/299     11.5G   0.07141   0.02909   0.05724    0.1577        77       640 0.0002754  0.001527 2.468e-05 3.568e-06    0.1099   0.03812    0.0816
    20/299     11.5G   0.07187   0.03106   0.05746    0.1604        75       640   0.01419 0.0002773 2.985e-06 7.629e-07    0.1085   0.03744   0.06752
    21/299     11.5G    0.0722   0.02866   0.05746    0.1583        67       640 0.0001225   0.00268 1.546e-05 1.625e-06    0.1052    0.0392   0.06102
    22/299     11.5G   0.07173   0.02899   0.05674    0.1575        72       640         0         0         0         0    0.1007   0.04202   0.05776
    23/299     11.5G   0.07145   0.02823   0.05564    0.1553        56       640         0         0         0         0    0.1002   0.04244   0.05735
    24/299     11.5G   0.06952   0.02647   0.05481    0.1508        17       640         0         0         0         0       0.1   0.04268   0.05708
    25/299     11.5G   0.07255   0.02779   0.05619    0.1565       116       640 0.0001016 0.0001664  3.52e-06 4.528e-07    0.1005   0.04223     0.057
    26/299     11.5G    0.0726   0.02853   0.05595    0.1571        21       640    0.2692  0.002347 0.0002946 8.837e-05    0.1003   0.04253   0.05662
    27/299     11.5G   0.07234   0.02941   0.05499    0.1568        55       640    0.7765  0.002458 0.0003179 0.0001511     0.102   0.04095   0.05751
    28/299     11.5G   0.07485   0.02491   0.05478    0.1545        65       640    0.1842  0.004301 0.0002447 4.296e-05    0.1053   0.03841   0.06372
    29/299     11.5G   0.07254   0.02539   0.05454    0.1525        63       640    0.1554   0.00268 7.664e-05 9.717e-06    0.1085   0.03663   0.07546
    30/299     11.5G   0.07253   0.02774   0.05413    0.1544        42       640 6.881e-05  0.002384 1.956e-05 4.171e-06    0.1018   0.04128   0.05763
    31/299     11.5G   0.07297   0.02894   0.05408     0.156        85       640 6.823e-05  0.002662 3.013e-05 5.372e-06    0.1005   0.04238   0.05547
    32/299     11.5G   0.07344    0.0251   0.05521    0.1537        37       640 5.771e-05  0.002662 2.767e-05 5.627e-06     0.101   0.04186   0.05577
    33/299     11.5G   0.07224   0.02636   0.05315    0.1517        19       640 4.399e-05  0.002606 1.877e-05 2.688e-06    0.1008   0.04194   0.05526
    34/299     11.5G   0.07362    0.0251   0.05353    0.1523        60       640 3.945e-05  0.002384 1.235e-05 1.795e-06     0.103    0.0401   0.05745
    35/299     11.5G    0.0736   0.02789   0.05293    0.1544        50       640 3.755e-05  0.002551 2.074e-05 2.845e-06    0.1014   0.04151   0.05526
    36/299     11.5G   0.07098    0.0267    0.0529    0.1506        77       640    0.2115 0.0003327 2.311e-05 4.293e-06    0.1009     0.042   0.05447
    37/299     11.5G   0.07302   0.02711   0.05266    0.1528        44       640    0.2114 0.0005545 2.708e-05 4.527e-06    0.1006   0.04222   0.05422
    38/299     11.5G   0.07321   0.02671   0.05107     0.151        98       640    0.1973  0.001885 2.179e-05 3.277e-06    0.1022   0.04111   0.05531
    39/299     11.5G   0.07296    0.0301   0.05152    0.1546       120       640   0.07046  0.001608 8.547e-06 1.331e-06    0.1089   0.03759   0.08322
    40/299     11.5G   0.07224   0.02767   0.05173    0.1516        37       640    0.0282  0.001331 5.251e-06  7.73e-07    0.1105   0.04263    0.1041
    41/299     11.5G   0.07405   0.02443   0.05096    0.1494        25       640   0.01412  0.001885 6.118e-06 7.925e-07    0.1089   0.04803   0.09177
    42/299     11.5G   0.07365   0.02641   0.05094     0.151        63       640    0.1409  0.001497 5.452e-06 8.575e-07    0.1039   0.03987   0.05921
    43/299     11.5G   0.07348   0.02733    0.0522     0.153        92       640    0.3521 0.0001109 4.002e-06 5.529e-07    0.1048   0.03934   0.06296
    44/299     11.5G   0.07242   0.02531   0.05137    0.1491        41       640   0.07045  0.001553 5.388e-06 8.584e-07    0.1046   0.03931   0.06573
    45/299     11.5G   0.07068   0.03103   0.05156    0.1533        69       640   0.07046  0.002163 9.921e-06 1.638e-06    0.1041   0.03918   0.06545
    46/299     11.5G   0.07189   0.03077    0.0499    0.1526        68       640 4.176e-05  0.001331 1.204e-05 2.083e-06    0.1049   0.03879   0.07035
    47/299     11.5G   0.07243   0.02365   0.05018    0.1463        53       640   0.05639  0.001608 1.234e-05 1.748e-06    0.1038   0.03947   0.06714
    48/299     11.5G   0.07265   0.02546   0.05157    0.1497        58       640    0.2113  0.001331 1.781e-05 2.487e-06    0.1025   0.03985   0.06005
    49/299     11.5G   0.07167   0.02799   0.05204    0.1517        50       640    0.2677  0.001442 1.742e-05 2.647e-06    0.1015   0.04025   0.05641
    50/299     11.5G   0.07209   0.02626   0.05182    0.1502       100       640    0.2818  0.002773 2.194e-05 3.264e-06    0.1008   0.04027   0.05313
    51/299     11.5G   0.06944   0.02782   0.04938    0.1466       113       640    0.2395  0.002883  1.29e-05 1.955e-06    0.1025   0.03927   0.05657
    52/299     11.5G   0.07066   0.02495   0.05144     0.147        72       640    0.2537  0.004344 4.311e-05 1.382e-05    0.1052   0.03785   0.06376
    53/299     11.5G   0.06951   0.02823   0.05078    0.1485       111       640    0.3102  0.004122 8.657e-05 1.663e-05     0.103   0.03874   0.05782
    54/299     11.5G   0.07152   0.02713      0.05    0.1486        68       640    0.1973  0.005564 4.342e-05 8.182e-06    0.1028   0.03871   0.05923
    55/299     11.5G   0.07122   0.02646   0.05065    0.1483        25       640    0.1832  0.006451 3.796e-05  6.54e-06    0.1019   0.03917   0.05699
    56/299     11.5G    0.0699   0.02679   0.04995    0.1466        52       640   0.00291   0.01198  0.001247  0.000129    0.1012   0.03955   0.05441
    57/299     11.5G   0.07065   0.02728   0.05082    0.1487        88       640    0.2113  0.003216 2.777e-05 4.337e-06   0.09955   0.04044   0.05235
    58/299     11.5G   0.07034   0.02857   0.05011     0.149        18       640   0.09868  0.001941 3.116e-05 5.173e-06    0.0992   0.04052   0.05188
    59/299     11.5G   0.07143   0.02531   0.05013    0.1469        78       640    0.1128  0.002273 3.601e-05 6.884e-06    0.1001   0.03986   0.05195
    60/299     11.5G   0.07123   0.02756   0.04971    0.1485        69       640   0.01413   0.01074  0.004816 0.0009639       0.1   0.04004   0.05243
    61/299     11.5G   0.06892   0.02801   0.05088    0.1478        78       640  0.001606   0.01046 0.0009914 0.0002929    0.1004   0.03979   0.05401
    62/299     11.5G   0.07157   0.02779   0.04817    0.1475        43       640  0.003562   0.01046  0.001238 0.0002462   0.09839   0.04105   0.05221
    63/299     11.5G   0.07083   0.02523   0.04999     0.146        39       640    0.3005  0.007467  0.002415 0.0004805   0.09836    0.0411   0.05249
    64/299     11.5G   0.06895   0.02744   0.04926    0.1457        70       640    0.6477  0.004695  0.004758  0.001422   0.09891    0.0408   0.05423
    65/299     11.5G   0.06955   0.02617   0.04918    0.1449        84       640    0.6689  0.004695  0.002412  0.000715   0.09979   0.04007   0.05656
    66/299     11.5G    0.0674   0.02506   0.04858     0.141        34       640    0.4261  0.004861  0.001621 0.0004794    0.1001   0.03983   0.05882
    67/299     11.5G   0.06941   0.02941   0.04902    0.1478        22       640    0.3103    0.0078 0.0001986 4.949e-05    0.1001   0.03977   0.05892
    68/299     11.5G   0.06951   0.02934   0.04918     0.148        65       640    0.5225  0.005416 0.0005406  0.000156   0.09977   0.04002   0.05863
    69/299     11.5G   0.07033   0.03112    0.0497    0.1512        84       640    0.2397 0.0002773 3.759e-05 5.605e-06       0.1   0.03985   0.06005
    70/299     11.5G   0.07047   0.02775   0.04848    0.1467        33       640   0.01488  0.005338 5.842e-05  1.48e-05    0.1002   0.03973   0.06301
    71/299     11.5G   0.07011   0.02912   0.04914    0.1484        41       640   0.01454  0.005116 7.128e-05 1.287e-05   0.09992   0.03949   0.05874
    72/299     11.5G   0.06952    0.0271   0.04923    0.1458        38       640     0.401  0.004398  0.002437 0.0002455    0.1002   0.03938   0.05838
    73/299     11.5G   0.07018   0.02796   0.04744    0.1456        78       640    0.1147   0.00231 0.0004684 0.0001711     0.101   0.03915   0.06923
    74/299     11.5G   0.06968   0.02613   0.05029    0.1461        21       640    0.5219  0.007042 0.0004641 0.0001029    0.1016   0.04312    0.0692
    75/299     11.5G   0.06833   0.02963   0.04972    0.1477        71       640    0.5091  0.002347 0.0006006 0.0001578    0.1002   0.04088   0.05956
    76/299     11.5G   0.06798   0.02953   0.05029    0.1478        35       640 0.0002094   0.01582 0.0001619 3.943e-05   0.09868   0.04105   0.05476
    77/299     11.5G   0.06659   0.02638   0.04924    0.1422        20       640    0.4087 0.0007209 7.227e-05 1.889e-05   0.09775   0.04131   0.05238
    78/299     11.5G   0.06874   0.02617   0.04971    0.1446        68       640    0.1411  0.001941  7.75e-05 1.219e-05   0.09827   0.04073   0.05133
    79/299     11.5G   0.06803   0.02598   0.04918    0.1432        81       640   0.02841  0.001996 8.961e-05 1.525e-05   0.09867   0.04022   0.05097
    80/299     11.5G   0.06692   0.02673   0.04826    0.1419        66       640 0.0003344 0.0005545 8.291e-05 1.366e-05   0.09854   0.04025   0.05093
    81/299     11.5G   0.06754   0.02888   0.04841    0.1448        30       640 0.0003031 0.0008872  7.86e-05 1.077e-05   0.09888   0.04005    0.0509
    82/299     11.5G   0.06827   0.02889    0.0501    0.1473        37       640   0.01432 0.0008318  6.61e-05 1.035e-05   0.09903   0.03992   0.05094
    83/299     11.5G   0.06918   0.02782   0.04964    0.1466        28       640     0.113 0.0008318 7.409e-05 1.229e-05   0.09846   0.04046   0.05113
    84/299     11.5G   0.06653   0.02781   0.04795    0.1423        57       640    0.1693 0.0009981 7.804e-05 1.245e-05   0.09792   0.04098   0.05193
    85/299     11.5G    0.0675   0.02855   0.04869    0.1447        38       640   0.09891  0.001054 7.128e-05 1.029e-05   0.09749   0.04156    0.0521
    86/299     11.5G    0.0663   0.02804   0.05028    0.1446        97       640    0.1131  0.001941 0.0001519 2.318e-05   0.09744   0.04125     0.052
    87/299     11.5G   0.06763   0.02981   0.04958     0.147       150       640    0.1976  0.001497 0.0001157 2.045e-05   0.09795   0.04114    0.0533
    88/299     11.5G    0.0675   0.02664   0.04806    0.1422        21       640    0.2257  0.001553 9.606e-05 1.492e-05   0.09789   0.04117   0.05288
    89/299     11.5G   0.06581   0.02853   0.04887    0.1432        57       640    0.1271 0.0008318 8.316e-05 1.207e-05   0.09682   0.04201   0.05256
    90/299     11.5G   0.06663   0.02857   0.05086    0.1461        68       640    0.1411   0.00122 6.526e-05 9.096e-06   0.09724   0.04157   0.05313
    91/299     11.5G   0.06795   0.02495   0.05015    0.1431        67       640   0.07066  0.001164 8.104e-05 1.308e-05   0.09578   0.04235   0.05109
    92/299     11.5G   0.06739   0.02882    0.0495    0.1457        85       640   0.04244 0.0008872 5.842e-05  8.84e-06   0.09588    0.0422   0.05083
    93/299     11.5G   0.06643   0.02944   0.04887    0.1447        35       640   0.04263 0.0009427 8.648e-05 1.512e-05   0.09603   0.04205   0.05083
    94/299     11.5G    0.0668   0.02892   0.04775    0.1435        68       640 0.0003967 0.0009427 9.337e-05 1.561e-05   0.09603   0.04218   0.05084
    95/299     11.5G   0.06606   0.02976   0.04894    0.1448        24       640   0.05663  0.001885 9.995e-05 1.692e-05   0.09624   0.04222   0.05085
    96/299     11.5G   0.06616   0.02978    0.0482    0.1441        43       640   0.09897  0.001386 0.0001178 1.756e-05   0.09562   0.04219   0.05068
    97/299     11.5G   0.06514    0.0309   0.04876    0.1448        59       640   0.09914 0.0009427 0.0001323 2.078e-05   0.09475   0.04261   0.05065
    98/299     11.5G   0.06612    0.0298   0.04866    0.1446        31       640   0.08502 0.0009427 0.0001555 2.803e-05   0.09411   0.04303   0.05061
    99/299     11.5G   0.06742   0.03247   0.04726    0.1471        64       640   0.07113 0.0004436 0.0001364 3.509e-05   0.09423    0.0429    0.0506
   100/299     11.5G   0.06785   0.02983   0.04792    0.1456        46       640   0.07105 0.0007763  0.000171 3.854e-05   0.09468   0.04278   0.05059
   101/299     11.5G   0.06556     0.028    0.0499    0.1434        81       640   0.04272  0.001109 0.0001735 3.846e-05    0.0955   0.04232   0.05063
   102/299     11.5G   0.06451   0.02828   0.04771    0.1405        27       640   0.04263   0.00122 0.0001063 2.234e-05   0.09551   0.04235   0.05065
   103/299     11.5G   0.06598   0.02853   0.04989    0.1444        90       640   0.08488  0.001164 0.0001165 2.291e-05   0.09417   0.04308   0.05061
   104/299     11.5G   0.06586   0.03067   0.04909    0.1456        69       640   0.08498  0.001664 0.0001487 2.922e-05   0.09351   0.04344   0.05057
   105/299     11.5G   0.06444   0.03139   0.05034    0.1462        38       640   0.08487  0.001553 0.0001222  2.35e-05   0.09386   0.04332   0.05056
   106/299     11.5G   0.06409   0.02796   0.04778    0.1398        22       640     0.113  0.001275 0.0001113 1.985e-05   0.09384   0.04342   0.05059
   107/299     11.5G   0.06461   0.03241   0.04788    0.1449        40       640    0.1271  0.001164 0.0001276 2.495e-05   0.09327    0.0435   0.05052
   108/299     11.5G   0.06415    0.0294    0.0492    0.1427        26       640    0.1838   0.00061 0.0001653 3.246e-05   0.09303   0.04348   0.05046
   109/299     11.5G   0.06395   0.03348   0.04807    0.1455       126       640     0.212   0.00061 0.0001194 2.231e-05   0.09324   0.04329   0.05078
   110/299     11.5G   0.06382   0.02752   0.04742    0.1388        52       640    0.3244  0.001054 0.0001159 2.088e-05    0.0947   0.04269   0.05088
   111/299     11.5G   0.06428    0.0305   0.04794    0.1427        41       640    0.3947  0.001885 0.0001226 2.402e-05   0.09547   0.04213   0.05125
   112/299     11.5G   0.06359   0.03172    0.0473    0.1426        80       640    0.3383   0.00183 0.0001138 2.063e-05   0.09497   0.04224   0.05125
   113/299     11.5G   0.06335   0.03049   0.04773    0.1416        38       640     0.226   0.00061 0.0001441 2.334e-05   0.09372   0.04274    0.0508
   114/299     11.5G   0.06277    0.0339   0.04783    0.1445        64       640    0.2123 0.0004991 0.0001619 2.449e-05   0.09307     0.043   0.05052
   115/299     11.5G   0.06266   0.03063   0.04808    0.1414        89       640    0.1695 0.0009427 0.0001394 2.103e-05   0.09326    0.0429   0.05042
   116/299     11.5G   0.06361   0.02852   0.04894    0.1411        28       640    0.1834   0.00122 0.0001044 1.851e-05   0.09479   0.04211   0.05048
   117/299     11.5G   0.06333   0.02989   0.04789    0.1411        50       640    0.1693  0.001109 8.728e-05 1.563e-05   0.09507   0.04204   0.05035
   118/299     11.5G   0.06305   0.03115    0.0478     0.142        42       640    0.2255  0.001275 5.815e-05 9.585e-06   0.09434   0.04249   0.05049
   119/299     11.5G   0.06315   0.02995   0.04922    0.1423        93       640    0.2538   0.00122 9.621e-05 1.637e-05   0.09274   0.04372   0.05083
   120/299     11.5G   0.06402   0.02929   0.04836    0.1417        28       640     0.282 0.0003882 8.307e-05  1.39e-05   0.09291    0.0435   0.05135
   121/299     11.5G    0.0647   0.02684   0.04745     0.139        72       640    0.2962 0.0007763 9.711e-05 1.444e-05   0.09363   0.04287   0.05058
   122/299     11.5G   0.06235   0.02957   0.04698    0.1389        28       640    0.3384 0.0006654 8.265e-05 1.467e-05   0.09435   0.04236   0.05055
   123/299     11.5G   0.06342   0.03122   0.04693    0.1416       120       640    0.3253  0.000331 0.0001262 2.266e-05   0.09301    0.0431   0.05036
   124/299     11.5G   0.06155   0.03182   0.04886    0.1422        59       640    0.4089 0.0007763 0.0001401 2.634e-05   0.09217   0.04351   0.05062
   125/299     11.5G    0.0627   0.03115   0.04722    0.1411        72       640    0.3948 0.0006654 0.0002202 5.011e-05   0.09234   0.04341   0.05156
   126/299     11.5G   0.06206   0.03285   0.04722    0.1421        80       640    0.3243  0.001608 0.0002588  6.64e-05   0.09187   0.04373   0.05042
   127/299     11.5G   0.06193    0.0303    0.0473    0.1395        50       640    0.1001   0.01285 0.0003745 6.479e-05    0.0915   0.04361   0.05013
   128/299     11.5G   0.06177   0.03207   0.04783    0.1417        73       640   0.07109   0.01108 0.0002655 6.708e-05   0.09193   0.04309   0.05039
   129/299     11.5G   0.06199   0.03314   0.04687     0.142       119       640   0.07089   0.01141  0.000209 5.242e-05   0.09203   0.04291   0.05049
   130/299     11.5G   0.06153    0.0305   0.04857    0.1406        62       640    0.1828     0.011  0.002595 0.0005219   0.09255   0.04259   0.05348
   131/299     11.5G   0.06173   0.03029    0.0463    0.1383        55       640    0.1447   0.01245  0.001372   0.00016   0.09293   0.04247   0.05452
   132/299     11.5G   0.06021   0.03019   0.04764     0.138        28       640    0.4373 0.0008872 0.0002068 3.901e-05   0.09269   0.04247   0.05335
   133/299     11.5G   0.06038   0.03123   0.04778    0.1394       100       640   0.00136   0.01273 0.0004141 8.047e-05   0.09256   0.04239   0.05224
   134/299     11.5G    0.0603   0.03084   0.04805    0.1392        63       640 0.0006505   0.01155 0.0003022  5.81e-05   0.09215   0.04282   0.05134
   135/299     11.5G   0.06036   0.02862   0.04764    0.1366        23       640    0.4515 0.0008318 0.0001992 4.121e-05   0.09158   0.04353   0.05123
   136/299     11.5G   0.06028   0.03139   0.04701    0.1387        80       640    0.4372  0.001164 0.0002093 4.281e-05    0.0918   0.04329   0.05085
   137/299     11.5G   0.05942   0.02982   0.04664    0.1359        94       640    0.4232  0.001164 0.0002551 6.085e-05   0.09166   0.04319   0.05039
   138/299     11.5G    0.0603   0.03048   0.04737    0.1382        60       640    0.4093  0.001164 0.0003161 6.923e-05   0.09107   0.04341    0.0502
   139/299     11.5G   0.05904   0.03137   0.04792    0.1383        46       640  0.007244    0.0188  0.002745  0.001972   0.09087    0.0433    0.0506
   140/299     11.5G   0.05882   0.03202   0.04787    0.1387       133       640   0.05553   0.01837  0.002776  0.001739   0.09101   0.04294   0.05057
   141/299     11.5G   0.05935    0.0309   0.04842    0.1387        62       640  0.007283   0.02355  0.002978  0.002046   0.09157   0.04266   0.05042
   142/299     11.5G    0.0599   0.03312   0.04921    0.1422        79       640    0.2687   0.01178 0.0006754 0.0001442   0.09069   0.04298   0.05022
   143/299     11.5G   0.06105   0.03254   0.04759    0.1412        53       640    0.2122   0.01657 0.0008258 0.0001455   0.09045   0.04336    0.0503
   144/299     11.5G   0.05942   0.03296   0.04801    0.1404        59       640    0.1133   0.01962 0.0006033 0.0001314   0.09032   0.04363   0.05078
   145/299     11.5G   0.05967   0.03255   0.04727    0.1395       113       640    0.1425   0.01478 0.0006498 0.0002195   0.09006   0.04366   0.05137
   146/299     11.5G   0.05903   0.03135   0.04866     0.139        38       640    0.1698   0.01968 0.0007186 0.0001468   0.09062    0.0432   0.05063
   147/299     11.5G   0.06018   0.03328   0.04719    0.1406        91       640    0.4841  0.003567   0.00128 0.0001914   0.09173   0.04246   0.05062
   148/299     11.5G   0.05975   0.03131   0.04805    0.1391        60       640  0.005592    0.0224  0.005198  0.002239   0.09136   0.04256   0.05048
   149/299     11.5G   0.05879    0.0304   0.04798    0.1372        47       640   0.00735   0.02054  0.002848  0.001993   0.09091   0.04271   0.05126
   150/299     11.5G    0.0587   0.03227   0.04736    0.1383        57       640   0.04822   0.02215  0.001901  0.001079    0.0909   0.04263   0.05244
   151/299     11.5G   0.05964   0.03218   0.04837    0.1402        79       640   0.04746    0.0231  0.001408 0.0008004   0.09058   0.04264   0.05042
   152/299     11.5G   0.05982   0.03293   0.04801    0.1408        55       640   0.07409   0.02388  0.001146 0.0006038   0.09027   0.04285   0.05085
   153/299     11.5G   0.05808   0.03171   0.04722     0.137        72       640  0.002344   0.02305 0.0009695 0.0004072   0.09073   0.04267   0.05136
   154/299     11.5G   0.05896   0.03146   0.04785    0.1383        60       640  0.004742   0.03042  0.002433  0.001249   0.09048   0.04287   0.05099
   155/299     11.5G   0.05809   0.03503   0.04673    0.1398        72       640   0.01146   0.02581   0.00543  0.002763    0.0905   0.04286   0.05104
   156/299     11.5G   0.05936   0.03175   0.04714    0.1382        66       640  0.004553   0.02422  0.002845  0.001775   0.09032   0.04291   0.04989
   157/299     11.5G   0.05837   0.03314   0.04749     0.139        34       640   0.03278   0.02215  0.001805 0.0009706   0.08985   0.04289   0.04984
   158/299     11.5G    0.0586   0.03261   0.04684     0.138       129       640  0.003833   0.02493  0.001657 0.0008362   0.08965   0.04294   0.04983
   159/299     11.5G   0.06001    0.0342   0.04711    0.1413        65       640  0.004342   0.02959  0.001745 0.0008594    0.0893   0.04293   0.04981
   160/299     11.5G   0.05874   0.03265    0.0462    0.1376       108       640     0.003   0.02808  0.001601 0.0007198    0.0903   0.04222   0.05294
   161/299     11.5G   0.05903   0.02893    0.0481    0.1361       116       640    0.1151   0.01395  0.000957 0.0003511   0.08979   0.04261   0.05203
   162/299     11.5G   0.05861   0.03275   0.04473    0.1361        56       640  0.006637   0.02687  0.002599  0.001321   0.08955   0.04281   0.05234
   163/299     11.5G   0.05925   0.02864   0.04718    0.1351        63       640  0.008665   0.03335  0.003002 0.0009592   0.08898   0.04302   0.05019
   164/299     11.5G   0.05902   0.03199   0.04741    0.1384        57       640  0.003999   0.02919  0.001671 0.0003799   0.08943    0.0427   0.05023
   165/299     11.5G   0.05758   0.03338   0.04707     0.138        46       640  0.006787   0.03583  0.002739 0.0008671   0.08871   0.04312   0.05045
   166/299     11.5G   0.05862   0.03019   0.04746    0.1363        55       640   0.01953     0.037  0.004455  0.001642   0.08873   0.04326   0.05014
   167/299     11.5G   0.05738   0.03116    0.0458    0.1343        51       640  0.003676   0.03131  0.001331 0.0004029   0.08871   0.04335   0.04981
   168/299     11.5G   0.05848   0.03382   0.04816    0.1405        84       640  0.003271   0.03246  0.001345 0.0004044   0.08867   0.04317   0.04964
   169/299     11.5G   0.05857   0.03281   0.04685    0.1382        71       640  0.003034   0.03393  0.001305 0.0004103   0.08911    0.0429    0.0496
   170/299     11.5G   0.05846   0.03034    0.0473    0.1361        45       640  0.006143   0.03935  0.002409  0.000487   0.08823   0.04315   0.04962
   171/299     11.5G   0.05785   0.03037   0.04784    0.1361        73       640  0.002623   0.03845  0.001905 0.0004549   0.08824   0.04285   0.04964
   172/299     11.5G   0.05702   0.03453   0.04745     0.139       106       640  0.003936    0.0374  0.002998 0.0006029   0.08852   0.04254   0.04965
   173/299     11.5G   0.05827   0.03294   0.04566    0.1369        15       640    0.4425  0.006442  0.002293 0.0005963   0.08859   0.04249   0.04962
   174/299     11.5G    0.0576   0.03108   0.04762    0.1363        46       640    0.4152  0.005852  0.002389 0.0006509   0.08855   0.04258   0.04966
   175/299     11.5G   0.05829    0.0359   0.04715    0.1413       183       640  0.009159   0.03667  0.003794 0.0009712   0.08814    0.0428   0.04961
   176/299     11.5G   0.05611   0.03158   0.04524    0.1329        53       640  0.007166   0.03906  0.005447  0.001003   0.08826   0.04268   0.04959
   177/299     11.5G   0.05688   0.03366   0.04777    0.1383        53       640  0.006746   0.03653  0.004913  0.001182   0.08838   0.04252   0.04957
   178/299     11.5G   0.05663   0.03218   0.04682    0.1356        96       640  0.007333    0.0427  0.004034  0.001297   0.08826    0.0424    0.0496
   179/299     11.5G    0.0564   0.02935   0.04688    0.1326        55       640  0.007056   0.04912  0.005755  0.002158   0.08819   0.04229   0.04954
   180/299     11.5G   0.05652   0.03382   0.04661     0.137        29       640  0.006438   0.04627  0.005166  0.001181   0.08866   0.04218   0.04962
   181/299     11.5G    0.0565   0.03028   0.04689    0.1337        59       640  0.005538   0.04864  0.006608  0.001904   0.08892   0.04243    0.0496
   182/299     11.5G   0.05711   0.03295   0.04801    0.1381       113       640   0.06374   0.03301  0.005758   0.00193   0.08873   0.04293   0.05009
   183/299     11.5G   0.05559    0.0333   0.04731    0.1362       125       640  0.003352    0.0477   0.00357  0.001021   0.08775   0.04313   0.04952
   184/299     11.5G   0.05494   0.03422   0.04525    0.1344       114       640     0.216   0.02784  0.003415 0.0009159   0.08775   0.04274   0.04975
   185/299     11.5G   0.05678   0.03131   0.04784    0.1359        75       640   0.01095   0.05861  0.005858  0.001668   0.08764   0.04286   0.04965
   186/299     11.5G   0.05601   0.03059   0.04643     0.133        76       640    0.2389   0.03215  0.006401  0.001871   0.08718   0.04324    0.0495
   187/299     11.5G   0.05627   0.03073   0.04696     0.134        26       640    0.0592   0.04839  0.004016  0.000876   0.08752   0.04279   0.04949
   188/299     11.5G   0.05703   0.03376   0.04636    0.1372        98       640   0.05959   0.05302  0.003053  0.000752   0.08845   0.04219   0.04955
   189/299     11.5G   0.05694   0.03484   0.04593    0.1377        84       640     0.229   0.03988  0.003256 0.0008037   0.08836   0.04245   0.04957
   190/299     11.5G   0.05759   0.03746   0.04586    0.1409        23       640  0.003203   0.05629   0.00331 0.0009373   0.08765   0.04261   0.04956
   191/299     11.5G   0.05657   0.03753   0.04649    0.1406        90       640    0.2737   0.03721  0.003782 0.0009242   0.08708   0.04263    0.0495
   192/299     11.5G   0.05635   0.03219   0.04647     0.135        36       640    0.1741   0.05008  0.004499  0.001185   0.08704   0.04263   0.04946
   193/299     11.5G   0.05591    0.0319   0.04572    0.1335        36       640    0.3317   0.02485  0.004116  0.001246   0.08721   0.04253   0.04941
   194/299     11.5G   0.05624   0.03244   0.04686    0.1355        59       640    0.2753   0.03898  0.005122  0.001663    0.0874   0.04242   0.04937
   195/299     11.5G   0.05612    0.0343   0.04634    0.1368        75       640    0.2801    0.0222  0.005528  0.001797   0.08716    0.0428   0.04933
   196/299     11.5G   0.05616   0.03165   0.04775    0.1356        92       640    0.2504      0.02  0.004261  0.001292   0.08679   0.04341   0.04933
   197/299     11.5G   0.05646   0.03024   0.04628     0.133        67       640    0.2624   0.01977  0.003653    0.0011   0.08713   0.04338   0.04932
   198/299     11.5G   0.05605    0.0325   0.04717    0.1357        61       640   0.00396   0.04798  0.003453 0.0009877   0.08687   0.04298   0.04929
   199/299     11.5G   0.05569   0.03384   0.04659    0.1361        99       640   0.04854   0.04999   0.00462  0.001182    0.0869   0.04271   0.04932
   200/299     11.5G   0.05591   0.03259   0.04593    0.1344        82       640   0.04771   0.05333  0.005095  0.001525   0.08681   0.04273    0.0493
   201/299     11.5G   0.05565   0.03731   0.04695    0.1399        93       640    0.2212   0.03329  0.005911  0.001923   0.08684   0.04295   0.04938
   202/299     11.5G   0.05484   0.03102    0.0448    0.1307        71       640    0.2612   0.03353  0.005941  0.002261   0.08721   0.04307   0.04942
   203/299     11.5G   0.05681   0.03299   0.04809    0.1379       133       640    0.3187   0.02803  0.007493  0.001874   0.08737   0.04267   0.04948
   204/299     11.5G   0.05552    0.0358   0.04506    0.1364       121       640    0.2749   0.04093  0.006755  0.002529   0.08674    0.0427    0.0492
   205/299     11.5G   0.05631   0.03388   0.04674    0.1369        22       640    0.2038   0.05532  0.005057  0.001408   0.08654   0.04262   0.04919
   206/299     11.5G   0.05597   0.03374   0.04623    0.1359        80       640     0.231   0.05487   0.00645  0.001598   0.08676   0.04257   0.04925
   207/299     11.5G    0.0546   0.02982   0.04689    0.1313        42       640    0.2901   0.03936  0.006711  0.001886   0.08703   0.04256   0.04914
   208/299     11.5G   0.05544   0.03225   0.04687    0.1346        52       640     0.248   0.02832  0.006796  0.001845   0.08689   0.04279   0.04915
   209/299     11.5G    0.0559     0.032   0.04678    0.1347        72       640    0.1045   0.05293  0.006179  0.001763   0.08679   0.04278   0.04917
   210/299     11.5G   0.05522   0.03279   0.04651    0.1345        74       640    0.1328   0.05785  0.007853  0.002046   0.08615   0.04271   0.04915
   211/299     11.5G   0.05532   0.02988   0.04658    0.1318        34       640    0.2321   0.05663  0.007438  0.001935    0.0856   0.04279   0.04912
   212/299     11.5G   0.05479   0.03526   0.04706    0.1371        89       640    0.2469   0.05524  0.007209  0.002019   0.08521   0.04267   0.04908
   213/299     11.5G   0.05557   0.03394   0.04492    0.1344        58       640    0.3767   0.04204  0.008141  0.002197   0.08528   0.04253   0.04906
   214/299     11.5G    0.0551   0.03516   0.04561    0.1359        45       640    0.4184   0.03076  0.009471  0.002862   0.08535   0.04252   0.04902
   215/299     11.5G   0.05455   0.03451   0.04712    0.1362        75       640    0.2474   0.05566   0.01089  0.003184   0.08563   0.04262   0.04905
   216/299     11.5G   0.05459   0.03475   0.04544    0.1348        43       640    0.5114   0.01836  0.009883  0.002584    0.0855   0.04285   0.04907
   217/299     11.5G   0.05432    0.0345   0.04625    0.1351        56       640    0.3881   0.03994  0.009206    0.0024   0.08494   0.04305   0.04904
   218/299     11.5G   0.05508   0.03538   0.04767    0.1381        51       640     0.437   0.02222  0.008663  0.002099   0.08468   0.04309   0.04904
   219/299     11.5G   0.05501   0.03261   0.04737     0.135        35       640    0.3617   0.04113  0.008082   0.00181   0.08486   0.04284   0.04903
   220/299     11.5G   0.05637   0.03247   0.04545    0.1343        41       640    0.4113   0.02539  0.008123  0.001795     0.085   0.04303   0.04904
   221/299     11.5G   0.05482   0.03427   0.04556    0.1346       107       640     0.346   0.04281  0.008714  0.001969    0.0851   0.04289   0.04906
   222/299     11.5G   0.05529   0.03449   0.04564    0.1354        37       640    0.4187   0.02622  0.008552  0.001852    0.0852   0.04271   0.04906
   223/299     11.5G   0.05474   0.03393   0.04601    0.1347        58       640     0.434   0.02234   0.00891  0.002005   0.08479   0.04274   0.04905
   224/299     11.5G   0.05581   0.03184   0.04753    0.1352        57       640    0.5246   0.01842  0.009094  0.001895   0.08503   0.04272   0.04904
   225/299     11.5G   0.05392   0.03564   0.04636    0.1359        25       640    0.5164   0.01838  0.008706  0.003218   0.08475   0.04301   0.04902
   226/299     11.5G   0.05388   0.03371   0.04546     0.133        77       640    0.5439   0.02028  0.009339  0.003181    0.0846   0.04308     0.049
   227/299     11.5G   0.05337   0.03323   0.04633    0.1329        56       640    0.5296   0.01922  0.008948  0.002924   0.08438   0.04303   0.04899
   228/299     11.5G   0.05454   0.03526   0.04682    0.1366        56       640    0.5668    0.0145   0.01015  0.003466   0.08428   0.04278   0.04899
   229/299     11.5G   0.05484   0.03609   0.04596    0.1369       111       640    0.3336   0.04268   0.01023  0.003872   0.08438   0.04277   0.04898
   230/299     11.5G   0.05393   0.03332   0.04609    0.1333        93       640    0.3052   0.04178    0.0104  0.004057   0.08462   0.04276   0.04898
   231/299     11.5G   0.05259   0.02947   0.04494     0.127        28       640    0.4589   0.01689  0.009966  0.003713   0.08446   0.04292   0.04896
   232/299     11.5G   0.05376   0.03537    0.0449     0.134        43       640    0.4002   0.01823    0.0106   0.00375   0.08411   0.04299   0.04893
   233/299     11.5G   0.05476   0.03451   0.04719    0.1365        74       640    0.2336   0.05709   0.01063  0.003803   0.08424    0.0427   0.04891
   234/299     11.5G   0.05442   0.03455   0.04566    0.1346        45       640    0.4757   0.02186   0.01017  0.003565   0.08432   0.04251   0.04889
   235/299     11.5G   0.05402   0.03352   0.04562    0.1332        58       640    0.3596   0.04155  0.009992  0.003338   0.08495   0.04225    0.0489
   236/299     11.5G   0.05427   0.03194   0.04737    0.1336       106       640    0.5293   0.02262  0.009023  0.002757   0.08521   0.04257   0.04889
   237/299     11.5G   0.05395   0.03385   0.04623     0.134        59       640    0.5304   0.02088  0.009175  0.002352   0.08486    0.0427   0.04887
   238/299     11.5G   0.05454   0.03549   0.04673    0.1368        50       640    0.3036   0.05924  0.008769  0.002791   0.08475   0.04258    0.0489
   239/299     11.5G   0.05366   0.03588    0.0465     0.136        58       640    0.1103   0.08297   0.01175  0.003578   0.08448   0.04258   0.04889
   240/299     11.5G   0.05456   0.03642    0.0468    0.1378        84       640   0.07933   0.08926    0.0109    0.0039   0.08407   0.04252   0.04885
   241/299     11.5G     0.054   0.03312   0.04621    0.1333        55       640    0.3331   0.06127   0.01034  0.003422   0.08388   0.04249   0.04885
   242/299     11.5G   0.05306   0.03462   0.04708    0.1348        54       640    0.5168   0.02475  0.009095  0.002953   0.08412   0.04237   0.04888
   243/299     11.5G   0.05425   0.03296   0.04758    0.1348        62       640    0.5044   0.02522  0.009636  0.003002   0.08422   0.04233   0.04889
   244/299     11.5G   0.05412   0.03168    0.0453    0.1311        66       640    0.4913   0.02368   0.01079  0.003327   0.08451   0.04217   0.04889
   245/299     11.5G   0.05315   0.03089   0.04487    0.1289        37       640    0.4792   0.02228    0.0114  0.003868   0.08445   0.04237   0.04889
   246/299     11.5G   0.05387   0.03599   0.04559    0.1355        43       640    0.4367   0.02318   0.01136  0.003259   0.08394   0.04284   0.04882
   247/299     11.5G   0.05279   0.03613   0.04542    0.1343        30       640    0.3778   0.02267   0.01037  0.002869   0.08369   0.04299   0.04878
   248/299     11.5G   0.05328   0.03553   0.04642    0.1352        57       640    0.5192    0.0229   0.01022   0.00296   0.08386   0.04277   0.04881
   249/299     11.5G   0.05357   0.03725   0.04498    0.1358       116       640     0.532   0.02341   0.01073  0.002907   0.08358   0.04262   0.04881
   250/299     11.5G   0.05428   0.03628   0.04626    0.1368        96       640    0.4589    0.0278   0.01124  0.003599   0.08338   0.04261   0.04881
   251/299     11.5G    0.0533   0.03126   0.04602    0.1306        92       640    0.2655   0.07277   0.01272  0.004472   0.08328   0.04268   0.04877
   252/299     11.5G   0.05328   0.03632   0.04596    0.1356       113       640    0.6068   0.01728   0.01286  0.004563   0.08331   0.04285   0.04876
   253/299     11.5G   0.05359   0.03633   0.04604     0.136        72       640    0.1653   0.07922   0.01304  0.004717   0.08322   0.04307   0.04876
   254/299     11.5G   0.05345   0.03272   0.04665    0.1328        43       640    0.5167   0.02302   0.01095  0.004144   0.08333   0.04302   0.04876
   255/299     11.5G    0.0527   0.03601   0.04549    0.1342        71       640    0.1248     0.108   0.01421  0.005383   0.08337   0.04299   0.04875
   256/299     11.5G   0.05468     0.035   0.04649    0.1362        45       640    0.2942   0.05088   0.01274  0.005632    0.0833   0.04292   0.04876
   257/299     11.5G   0.05369   0.03721   0.04452    0.1354        80       640    0.5188   0.02271   0.01282  0.005044   0.08317    0.0429   0.04875
   258/299     11.5G   0.05401   0.03631    0.0445    0.1348        50       640     0.503   0.02297   0.01306  0.005075   0.08333   0.04264   0.04876
   259/299     11.5G   0.05167   0.03314   0.04555    0.1304        57       640    0.2067   0.08925   0.01312  0.004184   0.08328   0.04267   0.04875
   260/299     11.5G   0.05282   0.03521   0.04582    0.1338        72       640     0.605    0.0197   0.01491   0.00407    0.0832   0.04275   0.04873
   261/299     11.5G   0.05338   0.03431   0.04546    0.1331        44       640    0.5892   0.02264   0.01563  0.004776   0.08329   0.04265   0.04876
   262/299     11.5G   0.05356   0.03415   0.04637    0.1341        29       640   0.08335     0.112   0.01564  0.005922    0.0837   0.04244    0.0488
   263/299     11.5G   0.05431   0.03552   0.04689    0.1367        32       640   0.08275    0.1096   0.01541  0.005802   0.08363   0.04247   0.04879
   264/299     11.5G   0.05319   0.03477   0.04684    0.1348        45       640   0.06723     0.112   0.01548  0.005245   0.08346   0.04241   0.04876
   265/299     11.5G   0.05257   0.03491   0.04647     0.134        81       640   0.05365     0.116   0.01923   0.00568   0.08348   0.04227   0.04873
   266/299     11.5G    0.0527   0.03436    0.0471    0.1342        82       640     0.336   0.06551   0.01511  0.004633   0.08338    0.0423    0.0487
   267/299     11.5G   0.05365   0.03488   0.04546     0.134        95       640   0.07896    0.1067   0.01524  0.004996   0.08328   0.04222   0.04869
   268/299     11.5G   0.05379   0.03428   0.04479    0.1329        77       640    0.5752   0.02603   0.01411  0.004961     0.083   0.04241   0.04866
   269/299     11.5G   0.05317   0.03362   0.04676    0.1335        37       640    0.3226   0.07313   0.01388  0.004714   0.08302   0.04243   0.04865
   270/299     11.5G   0.05301   0.03323   0.04599    0.1322       111       640    0.3065   0.07048   0.01261   0.00452   0.08306   0.04244   0.04865
   271/299     11.5G   0.05235   0.03265   0.04658    0.1316        69       640    0.2923   0.06724   0.01503  0.005437   0.08337   0.04232   0.04867
   272/299     11.5G   0.05288   0.03297   0.04599    0.1318        74       640   0.09341    0.1074   0.01585  0.006311   0.08377   0.04231   0.04869
   273/299     11.5G    0.0517   0.03273   0.04775    0.1322        41       640   0.03656    0.1094   0.01738  0.006778   0.08345   0.04231   0.04866
   274/299     11.5G   0.05273   0.03398   0.04527     0.132        27       640    0.5212    0.0219   0.01755  0.007256   0.08309   0.04242   0.04865
   275/299     11.5G   0.05236   0.03422   0.04652    0.1331        70       640    0.2636   0.06924   0.02087  0.008451   0.08301   0.04237   0.04861
   276/299     11.5G   0.05259   0.03611   0.04493    0.1336        38       640    0.2807   0.06439   0.01873  0.007315   0.08315   0.04225    0.0486
   277/299     11.5G    0.0535   0.03639   0.04546    0.1353        53       640    0.2946   0.06643   0.01784  0.007219   0.08318   0.04215   0.04859
   278/299     11.5G   0.05384   0.03488   0.04506    0.1338        69       640    0.3096   0.06047   0.01736  0.006791   0.08297   0.04223   0.04857
   279/299     11.5G   0.05119   0.03373   0.04635    0.1313        53       640     0.336   0.06136   0.01707  0.006173    0.0829   0.04222   0.04857
   280/299     11.5G   0.05162    0.0355   0.04547    0.1326       101       640    0.3631   0.06322   0.01814  0.006294   0.08268   0.04228   0.04857
   281/299     11.5G   0.05299   0.03389    0.0465    0.1334        57       640    0.5905   0.02557   0.01378  0.004431   0.08255   0.04237   0.04856
   282/299     11.5G   0.05327   0.03077   0.04626    0.1303        35       640      0.62   0.02211   0.01335  0.004695    0.0827   0.04234   0.04856
   283/299     11.5G   0.05266   0.03154   0.04742    0.1316        39       640    0.5889   0.02893   0.01494  0.005178     0.083   0.04232   0.04857
   284/299     11.5G   0.05442   0.03263   0.04496     0.132        91       640    0.6496   0.02178   0.01675   0.00683   0.08337   0.04236   0.04859
   285/299     11.5G   0.05241   0.03375   0.04468    0.1308        46       640    0.6358   0.02545   0.01752  0.007278   0.08328   0.04249   0.04858
   286/299     11.5G   0.05334   0.03565   0.04505     0.134        52       640    0.6206   0.03196   0.01815  0.007115   0.08324   0.04263   0.04858
   287/299     11.5G   0.05236   0.03415   0.04533    0.1318        24       640     0.649   0.02597   0.01867  0.007199   0.08324   0.04264   0.04859
   288/299     11.5G   0.05421   0.03473   0.04709     0.136        55       640    0.6056   0.03391   0.01812  0.006762    0.0823   0.04307   0.04855
   289/299     11.5G   0.05276   0.03808   0.04519     0.136        70       640     0.578   0.03131   0.01742  0.006683   0.08191   0.04313   0.04852
   290/299     11.5G   0.05349    0.0384   0.04538    0.1373        74       640   0.09513    0.1243   0.01585  0.006166   0.08181   0.04317   0.04849
   291/299     11.5G   0.05202   0.03193   0.04442    0.1284        29       640    0.1083    0.1223   0.01588  0.006426   0.08196   0.04309    0.0485
   292/299     11.5G   0.05301   0.03449    0.0446    0.1321        19       640     0.194    0.1051   0.01547  0.006583   0.08197   0.04302    0.0485
   293/299     11.5G   0.05241   0.03545   0.04632    0.1342        55       640    0.1076    0.1238   0.01522  0.006665   0.08192   0.04303    0.0485
   294/299     11.5G   0.05345   0.03294   0.04516    0.1315        92       640    0.1094     0.128   0.01503  0.006356   0.08176     0.043   0.04849
   295/299     11.5G   0.05266   0.03468   0.04564     0.133        74       640   0.07983    0.1252   0.01594  0.006563   0.08166   0.04295   0.04848
   296/299     11.5G   0.05129   0.03595   0.04579     0.133       132       640   0.05197    0.1335   0.01737  0.006702   0.08178   0.04279    0.0485
   297/299     11.5G   0.05283   0.03174   0.04537    0.1299        32       640   0.03758    0.1339   0.01868  0.006851   0.08192   0.04264   0.04851
   298/299     11.5G   0.05266   0.03413   0.04624     0.133        95       640     0.236   0.09602    0.0184  0.006632   0.08205   0.04271   0.04849
   299/299     11.5G    0.0517   0.03334   0.04573    0.1308        55       640   0.01086    0.1569   0.01878  0.006623   0.08187   0.04282   0.04845
