0 0.37451737451737455 0.5103092783505154 0.15444015444015444 0.17525773195876287
0 0.38803088803088803 0.6907216494845361 0.1274131274131274 0.15463917525773196
0 0.5 0.6288659793814433 0.11969111969111969 0.15463917525773196
0 0.6370656370656371 0.4536082474226804 0.1312741312741313 0.16494845360824742
0 0.5019305019305019 0.4381443298969072 0.12355212355212356 0.16494845360824742
0 0.5173745173745173 0.27319587628865977 0.138996138996139 0.17525773195876287
0 0.6254826254826255 0.16752577319587628 0.15444015444015444 0.211340206185567
0 0.7915057915057915 0.1958762886597938 0.16216216216216217 0.2268041237113402
0 0.6003861003861004 0.7628865979381443 0.16602316602316602 0.2268041237113402
0 0.16602316602316602 0.7835051546391752 0.15444015444015444 0.15463917525773196
0 0.2084942084942085 0.44072164948453607 0.16216216216216217 0.20103092783505155
