0 0.24222222222222223 0.234375 0.12 0.11160714285714285
0 0.6177777777777778 0.16517857142857142 0.11555555555555555 0.11607142857142856
0 0.5911111111111111 0.3950892857142857 0.11555555555555555 0.12053571428571427
0 0.84 0.40848214285714285 0.13333333333333333 0.1294642857142857
0 0.26222222222222225 0.6852678571428571 0.11555555555555555 0.09375
0 0.78 0.6294642857142857 0.10222222222222223 0.10714285714285714
0 0.5444444444444444 0.5267857142857143 0.12 0.10714285714285714
0 0.47555555555555556 0.5736607142857143 0.12444444444444444 0.11160714285714285
0 0.8755555555555555 0.5446428571428571 0.10666666666666666 0.10714285714285714
0 0.22 0.4620535714285714 0.1111111111111111 0.09375
0 0.9177777777777778 0.47098214285714285 0.10222222222222223 0.10267857142857142
