0 0.509090909090909 0.505464480874317 0.06545454545454546 0.09289617486338798
0 0.21636363636363637 0.6311475409836066 0.07636363636363637 0.09289617486338798
0 0.3054545454545455 0.6584699453551912 0.06545454545454546 0.09289617486338798
0 0.42363636363636364 0.8333333333333334 0.06909090909090909 0.08196721311475409
0 0.5472727272727272 0.8442622950819673 0.06181818181818182 0.10382513661202186
0 0.649090909090909 0.8770491803278688 0.07636363636363637 0.10382513661202186
0 0.5818181818181818 0.3907103825136612 0.07272727272727272 0.10382513661202186
0 0.7727272727272727 0.5601092896174863 0.06909090909090909 0.10382513661202186
0 0.3709090909090909 0.3825136612021858 0.06545454545454546 0.08743169398907104
0 0.38545454545454544 0.6092896174863388 0.06545454545454546 0.07103825136612021
