0 0.5447761194029851 0.164 0.17412935323383083 0.136
0 0.7139303482587065 0.152 0.18407960199004975 0.16
0 0.3980099502487562 0.352 0.1890547263681592 0.112
0 0.2064676616915423 0.484 0.17412935323383083 0.096
0 0.5024875621890548 0.664 0.1890547263681592 0.136
0 0.5671641791044776 0.9 0.208955223880597 0.12
0 0.7114427860696517 0.864 0.1691542288557214 0.12
0 0.6517412935323383 0.678 0.14925373134328357 0.148
0 0.4925373134328358 0.774 0.15920398009950248 0.092
0 0.6990049751243781 0.756 0.14427860696517414 0.08
