0 0.24909090909090909 0.5 0.11272727272727273 0.16939890710382513
0 0.4781818181818182 0.5819672131147541 0.12727272727272726 0.18032786885245902
0 0.4072727272727273 0.76775956284153 0.12363636363636364 0.14754098360655737
0 0.6872727272727273 0.7786885245901639 0.11636363636363636 0.18032786885245902
0 0.82 0.6885245901639344 0.13454545454545455 0.19672131147540983
0 0.3290909090909091 0.24863387978142076 0.10545454545454545 0.15846994535519127
0 0.4890909090909091 0.4016393442622951 0.09818181818181818 0.16939890710382513
0 0.6654545454545454 0.3005464480874317 0.09454545454545454 0.16393442622950818
0 0.5545454545454546 0.39617486338797814 0.08363636363636363 0.16939890710382513
0 0.5690909090909091 0.10382513661202186 0.09090909090909091 0.13114754098360656
