0 0.3442622950819672 0.7836363636363637 0.17486338797814208 0.12
0 0.4972677595628415 0.7290909090909091 0.19672131147540983 0.13454545454545455
0 0.6830601092896175 0.4290909090909091 0.14207650273224043 0.08
0 0.6612021857923497 0.2109090909090909 0.18579234972677597 0.13090909090909092
0 0.5655737704918032 0.33454545454545453 0.15846994535519127 0.11636363636363636
0 0.7513661202185792 0.8981818181818182 0.18032786885245902 0.11636363636363636
0 0.9371584699453552 0.6581818181818182 0.12568306010928962 0.13090909090909092
0 0.5846994535519126 0.9472727272727273 0.15300546448087432 0.10545454545454545
0 0.4562841530054645 0.14 0.1366120218579235 0.08363636363636363
0 0.3251366120218579 0.07272727272727272 0.16939890710382513 0.09454545454545454
