0 0.6509090909090909 0.46174863387978143 0.08 0.12568306010928962
0 0.6563636363636364 0.2677595628415301 0.09090909090909091 0.13114754098360656
0 0.8672727272727273 0.24043715846994534 0.11272727272727273 0.15300546448087432
0 0.8636363636363636 0.3770491803278688 0.12727272727272726 0.13114754098360656
0 0.4072727272727273 0.7185792349726776 0.07272727272727272 0.12568306010928962
0 0.48 0.7786885245901639 0.08727272727272728 0.1366120218579235
0 0.5654545454545454 0.6775956284153005 0.08363636363636363 0.12021857923497267
0 0.5545454545454546 0.7950819672131147 0.06909090909090909 0.12568306010928962
0 0.5436363636363636 0.5409836065573771 0.08363636363636363 0.1092896174863388
0 0.44545454545454544 0.27049180327868855 0.08363636363636363 0.11475409836065574
0 0.7018181818181818 0.6229508196721312 0.08 0.12021857923497267
