0 0.3509090909090909 0.3469945355191257 0.08363636363636363 0.12568306010928962
0 0.3981818181818182 0.39617486338797814 0.07636363636363637 0.1366120218579235
0 0.4581818181818182 0.43989071038251365 0.06545454545454546 0.15846994535519127
0 0.5109090909090909 0.2677595628415301 0.06181818181818182 0.09836065573770492
0 0.17272727272727273 0.5628415300546448 0.09090909090909091 0.09836065573770492
0 0.19636363636363635 0.47540983606557374 0.07272727272727272 0.13114754098360656
0 0.28909090909090907 0.6612021857923497 0.08363636363636363 0.09836065573770492
0 0.30727272727272725 0.5628415300546448 0.06909090909090909 0.1092896174863388
0 0.38 0.5136612021857924 0.06909090909090909 0.12021857923497267
0 0.23636363636363636 0.34972677595628415 0.08727272727272728 0.13114754098360656
0 0.64 0.28415300546448086 0.08 0.12021857923497267
0 0.7072727272727273 0.3743169398907104 0.08363636363636363 0.12568306010928962
0 0.7381818181818182 0.6885245901639344 0.08 0.09836065573770492
0 0.5018181818181818 0.7049180327868853 0.08 0.13114754098360656
0 0.5181818181818182 0.46174863387978143 0.06181818181818182 0.12568306010928962
0 0.5854545454545454 0.4262295081967213 0.08 0.14207650273224043
