0 0.509090909090909 0.4344262295081967 0.11636363636363636 0.15846994535519127
0 0.5418181818181819 0.5956284153005464 0.13090909090909092 0.17486338797814208
0 0.52 0.8060109289617486 0.12363636363636364 0.16939890710382513
0 0.39636363636363636 0.505464480874317 0.11636363636363636 0.14754098360655737
0 0.21636363636363637 0.3907103825136612 0.14181818181818182 0.1912568306010929
0 0.32 0.3551912568306011 0.10909090909090909 0.18579234972677597
0 0.5981818181818181 0.36885245901639346 0.12 0.18032786885245902
0 0.7763636363636364 0.6584699453551912 0.10545454545454545 0.1366120218579235
0 0.8363636363636363 0.5327868852459017 0.12363636363636364 0.18032786885245902
0 0.649090909090909 0.9234972677595629 0.13454545454545455 0.15300546448087432
