0 0.7553191489361702 0.3156424581005587 0.09929078014184398 0.13966480446927373
0 0.6631205673758865 0.6759776536312849 0.09929078014184398 0.1675977653631285
0 0.24645390070921985 0.3603351955307263 0.08156028368794326 0.11731843575418995
0 0.1826241134751773 0.5027932960893855 0.08156028368794326 0.1005586592178771
0 0.2553191489361702 0.5251396648044693 0.06382978723404255 0.1005586592178771
0 0.1950354609929078 0.5921787709497207 0.06382978723404255 0.1005586592178771
0 0.7375886524822695 0.611731843575419 0.09219858156028368 0.13966480446927373
0 0.6471631205673759 0.19832402234636873 0.08865248226950355 0.13966480446927373
0 0.45921985815602834 0.22067039106145253 0.08156028368794326 0.12849162011173185
0 0.5372340425531915 0.276536312849162 0.05319148936170213 0.09497206703910614
0 0.8226950354609929 0.32122905027932963 0.0851063829787234 0.18435754189944134
0 0.7127659574468085 0.38268156424581007 0.09219858156028368 0.12849162011173185
