0 0.19818181818181818 0.40437158469945356 0.06909090909090909 0.1092896174863388
0 0.2545454545454545 0.37158469945355194 0.06545454545454546 0.12021857923497267
0 0.5436363636363636 0.6065573770491803 0.07636363636363637 0.1092896174863388
0 0.33454545454545453 0.29508196721311475 0.05818181818181818 0.09836065573770492
0 0.37636363636363634 0.34972677595628415 0.07636363636363637 0.1092896174863388
0 0.4018181818181818 0.2540983606557377 0.07636363636363637 0.10382513661202186
0 0.24181818181818182 0.7158469945355191 0.05454545454545454 0.08743169398907104
0 0.28545454545454546 0.7404371584699454 0.06181818181818182 0.08196721311475409
0 0.32 0.8743169398907104 0.07272727272727272 0.09836065573770492
0 0.6818181818181818 0.6475409836065574 0.08363636363636363 0.09289617486338798
0 0.6254545454545455 0.48633879781420764 0.05818181818181818 0.07650273224043716
0 0.7163636363636363 0.30327868852459017 0.06545454545454546 0.09289617486338798
