0 0.13934426229508196 0.2872727272727273 0.14754098360655737 0.10909090909090909
0 0.5 0.20545454545454545 0.16939890710382513 0.12
0 0.3442622950819672 0.4290909090909091 0.18579234972677597 0.11636363636363636
0 0.46994535519125685 0.5054545454545455 0.17486338797814208 0.10181818181818182
0 0.4972677595628415 0.6127272727272727 0.16393442622950818 0.12
0 0.8934426229508197 0.6818181818181818 0.15846994535519127 0.12
0 0.6502732240437158 0.6690909090909091 0.17486338797814208 0.13090909090909092
0 0.7459016393442623 0.8036363636363636 0.15846994535519127 0.10909090909090909
0 0.6502732240437158 0.8709090909090909 0.16393442622950818 0.09090909090909091
0 0.40437158469945356 0.28545454545454546 0.16393442622950818 0.12727272727272726
