0 0.14046822742474915 0.15773809523809523 0.06688963210702341 0.11309523809523808
0 0.18227424749163879 0.27678571428571425 0.056856187290969896 0.11309523809523808
0 0.45484949832775917 0.14583333333333331 0.05351170568561873 0.10119047619047619
0 0.05016722408026756 0.5684523809523809 0.08695652173913043 0.1488095238095238
0 0.0451505016722408 0.42857142857142855 0.07692307692307693 0.13095238095238093
0 0.6521739130434783 0.5535714285714285 0.05351170568561873 0.09523809523809523
0 0.6153846153846154 0.625 0.046822742474916385 0.08333333333333333
0 0.4916387959866221 0.3005952380952381 0.05351170568561873 0.07738095238095238
0 0.6521739130434783 0.47023809523809523 0.05351170568561873 0.07142857142857142
0 0.3979933110367893 0.7886904761904762 0.06020066889632107 0.10119047619047619
0 0.4096989966555184 0.8601190476190476 0.06354515050167224 0.07738095238095238
0 0.40468227424749165 0.5327380952380952 0.05351170568561873 0.10119047619047619
0 0.6521739130434783 0.26785714285714285 0.046822742474916385 0.08333333333333333
0 0.5016722408026756 0.23511904761904762 0.05351170568561873 0.07738095238095238
0 0.3979933110367893 0.1369047619047619 0.06020066889632107 0.09523809523809523
0 0.47324414715719065 0.4196428571428571 0.056856187290969896 0.08928571428571427
0 0.6337792642140468 0.07142857142857142 0.056856187290969896 0.09523809523809523
