0 0.1288888888888889 0.5977777777777777 0.17777777777777778 0.19111111111111112
0 0.7377777777777778 0.7088888888888889 0.14222222222222222 0.14666666666666667
0 0.6622222222222223 0.5577777777777778 0.11555555555555555 0.12
0 0.3933333333333333 0.35555555555555557 0.09333333333333334 0.11555555555555555
0 0.7733333333333333 0.38 0.11555555555555555 0.1111111111111111
0 0.18222222222222223 0.9088888888888889 0.1511111111111111 0.13777777777777778
0 0.6533333333333333 0.7666666666666667 0.11555555555555555 0.13777777777777778
0 0.8222222222222222 0.7911111111111111 0.12444444444444444 0.11555555555555555
0 0.7022222222222222 0.1111111111111111 0.10666666666666666 0.09777777777777778
0 0.3977777777777778 0.26666666666666666 0.1288888888888889 0.08888888888888889
