0 0.463768115942029 0.5573770491803278 0.050724637681159424 0.07650273224043716
0 0.8894927536231885 0.5601092896174863 0.04710144927536232 0.07103825136612021
0 0.9329710144927537 0.5546448087431693 0.04710144927536232 0.08196721311475409
0 0.8894927536231885 0.35792349726775957 0.04710144927536232 0.07103825136612021
0 0.7427536231884058 0.4972677595628415 0.050724637681159424 0.07650273224043716
0 0.40217391304347827 0.040983606557377046 0.050724637681159424 0.07103825136612021
0 0.4221014492753623 0.5819672131147541 0.03985507246376812 0.07103825136612021
0 0.7318840579710145 0.639344262295082 0.043478260869565216 0.0546448087431694
0 0.6992753623188406 0.366120218579235 0.036231884057971016 0.06557377049180328
0 0.7065217391304348 0.04918032786885246 0.057971014492753624 0.07650273224043716
