0 0.4022222222222222 0.47555555555555556 0.2088888888888889 0.19555555555555557
0 0.48 0.7466666666666667 0.19555555555555557 0.17777777777777778
0 0.6688888888888889 0.7733333333333333 0.19111111111111112 0.20444444444444446
0 0.7222222222222222 0.39555555555555555 0.17333333333333334 0.1688888888888889
0 0.9066666666666666 0.7933333333333333 0.1688888888888889 0.17333333333333334
0 0.6355555555555555 0.5377777777777778 0.17777777777777778 0.18666666666666668
0 0.4955555555555556 0.20444444444444446 0.1288888888888889 0.14222222222222222
0 0.15555555555555556 0.8888888888888888 0.21333333333333332 0.19555555555555557
0 0.19111111111111112 0.7244444444444444 0.20444444444444446 0.1688888888888889
0 0.23555555555555555 0.5688888888888889 0.18666666666666668 0.17777777777777778
