0 0.225752508361204 0.5029761904761905 0.13712374581939799 0.22023809523809523
0 0.09364548494983277 0.3571428571428571 0.12040133779264214 0.21428571428571427
0 0.17892976588628762 0.14285714285714285 0.10367892976588629 0.19047619047619047
0 0.25752508361204013 0.28273809523809523 0.10702341137123746 0.1845238095238095
0 0.37959866220735783 0.22619047619047616 0.11705685618729096 0.21428571428571427
0 0.5418060200668896 0.36607142857142855 0.12709030100334448 0.20833333333333331
0 0.6605351170568562 0.35119047619047616 0.11705685618729096 0.20238095238095238
0 0.4866220735785953 0.5535714285714285 0.11705685618729096 0.20238095238095238
0 0.588628762541806 0.5386904761904762 0.12709030100334448 0.23214285714285712
0 0.5585284280936454 0.738095238095238 0.13377926421404682 0.22619047619047616
0 0.6672240802675585 0.7738095238095237 0.11036789297658862 0.21428571428571427
0 0.6906354515050167 0.5714285714285714 0.11705685618729096 0.22619047619047616
0 0.8494983277591973 0.47023809523809523 0.11371237458193979 0.21428571428571427
0 0.862876254180602 0.20238095238095238 0.14046822742474915 0.20238095238095238
0 0.9448160535117057 0.33035714285714285 0.11036789297658862 0.24404761904761904
