0 0.7087628865979382 0.24517374517374518 0.12886597938144329 0.10424710424710425
0 0.3479381443298969 0.44594594594594594 0.10824742268041238 0.09652509652509653
0 0.4793814432989691 0.43822393822393824 0.12371134020618557 0.0888030888030888
0 0.5798969072164948 0.5038610038610039 0.10824742268041238 0.0888030888030888
0 0.729381443298969 0.47297297297297297 0.12886597938144329 0.0888030888030888
0 0.9020618556701031 0.5617760617760618 0.10309278350515463 0.08108108108108109
0 0.8788659793814433 0.7548262548262549 0.10824742268041238 0.07335907335907337
0 0.729381443298969 0.7972972972972974 0.0979381443298969 0.06563706563706564
0 0.7371134020618556 0.8648648648648649 0.10309278350515463 0.0694980694980695
0 0.14175257731958762 0.8552123552123553 0.11855670103092783 0.09652509652509653
0 0.12371134020618557 0.4942084942084942 0.12371134020618557 0.08494208494208494
0 0.2345360824742268 0.1969111969111969 0.10824742268041238 0.0694980694980695
