0 0.13333333333333333 0.37777777777777777 0.17777777777777778 0.21333333333333332
0 0.31333333333333335 0.4711111111111111 0.18222222222222223 0.17777777777777778
0 0.1688888888888889 0.5955555555555555 0.20444444444444446 0.21333333333333332
0 0.4022222222222222 0.7555555555555555 0.13777777777777778 0.16
0 0.7422222222222222 0.8444444444444444 0.20444444444444446 0.2577777777777778
0 0.7755555555555556 0.5288888888888889 0.2 0.20444444444444446
0 0.8977777777777778 0.33111111111111113 0.18666666666666668 0.21777777777777776
0 0.6422222222222222 0.08222222222222222 0.17333333333333334 0.15555555555555556
0 0.6777777777777778 0.35555555555555557 0.15555555555555556 0.18666666666666668
0 0.9222222222222223 0.13333333333333333 0.15555555555555556 0.17777777777777778
