0 0.7807971014492754 0.1885245901639344 0.06159420289855073 0.08196721311475409
0 0.4365942028985507 0.4972677595628415 0.06159420289855073 0.08743169398907104
0 0.32608695652173914 0.21311475409836064 0.057971014492753624 0.08743169398907104
0 0.39492753623188404 0.1092896174863388 0.057971014492753624 0.08743169398907104
0 0.3786231884057971 0.24316939890710382 0.06159420289855073 0.07103825136612021
0 0.4221014492753623 0.2923497267759563 0.03985507246376812 0.060109289617486336
0 0.4673913043478261 0.3333333333333333 0.057971014492753624 0.07650273224043716
0 0.8333333333333334 0.6639344262295082 0.06521739130434782 0.11475409836065574
0 0.8677536231884058 0.4180327868852459 0.09057971014492754 0.11475409836065574
0 0.605072463768116 0.28688524590163933 0.057971014492753624 0.08196721311475409
0 0.927536231884058 0.4453551912568306 0.036231884057971016 0.07103825136612021
0 0.20471014492753623 0.8360655737704918 0.06159420289855073 0.09836065573770492
0 0.21920289855072464 0.726775956284153 0.04710144927536232 0.06557377049180328
0 0.5615942028985508 0.3770491803278688 0.06521739130434782 0.08743169398907104
0 0.5036231884057971 0.41530054644808745 0.050724637681159424 0.06557377049180328
0 0.5960144927536232 0.08469945355191257 0.06884057971014493 0.08196721311475409
0 0.7445652173913043 0.04918032786885246 0.05434782608695652 0.07650273224043716
0 0.8568840579710145 0.8579234972677595 0.04710144927536232 0.08743169398907104
0 0.6086956521739131 0.7814207650273224 0.050724637681159424 0.07650273224043716
0 0.7934782608695652 0.31693989071038253 0.050724637681159424 0.07650273224043716
0 0.7536231884057971 0.2814207650273224 0.057971014492753624 0.08196721311475409
0 0.32065217391304346 0.6202185792349727 0.05434782608695652 0.08196721311475409
