0 0.23166023166023167 0.19845360824742267 0.23938223938223938 0.27319587628865977
0 0.6254826254826255 0.20103092783505155 0.19305019305019305 0.24742268041237114
0 0.9285714285714286 0.25773195876288657 0.14285714285714285 0.2268041237113402
0 0.4671814671814672 0.5773195876288659 0.19305019305019305 0.23711340206185566
0 0.6216216216216216 0.7242268041237113 0.2007722007722008 0.211340206185567
0 0.8996138996138996 0.6778350515463918 0.14671814671814673 0.19072164948453607
0 0.3127413127413127 0.7577319587628866 0.1776061776061776 0.15463917525773196
0 0.07528957528957529 0.37628865979381443 0.14285714285714285 0.25773195876288657
0 0.2644787644787645 0.4896907216494845 0.16602316602316602 0.21649484536082475
0 0.6428571428571429 0.4020618556701031 0.15830115830115832 0.18556701030927836
