0 0.14214046822742474 0.5982142857142857 0.08361204013377926 0.125
0 0.3745819397993311 0.23511904761904762 0.0802675585284281 0.1607142857142857
0 0.4214046822742475 0.41666666666666663 0.08695652173913043 0.13095238095238093
0 0.4498327759197324 0.5386904761904762 0.07692307692307693 0.125
0 0.5652173913043478 0.5833333333333333 0.0802675585284281 0.13095238095238093
0 0.5702341137123745 0.4226190476190476 0.06354515050167224 0.11904761904761904
0 0.6806020066889632 0.5744047619047619 0.08361204013377926 0.1488095238095238
0 0.6354515050167224 0.8363095238095237 0.07357859531772575 0.125
0 0.7508361204013377 0.7708333333333333 0.06354515050167224 0.11309523809523808
0 0.745819397993311 0.3363095238095238 0.06688963210702341 0.1369047619047619
0 0.794314381270903 0.7559523809523809 0.056856187290969896 0.11904761904761904
0 0.2809364548494983 0.35119047619047616 0.07357859531772575 0.11904761904761904
0 0.030100334448160536 0.4226190476190476 0.05351170568561873 0.11904761904761904
