0 0.36885245901639346 0.12181818181818181 0.11475409836065574 0.06909090909090909
0 0.2978142076502732 0.36727272727272725 0.1366120218579235 0.07272727272727272
0 0.14754098360655737 0.4072727272727273 0.09836065573770492 0.05818181818181818
0 0.1994535519125683 0.5127272727272727 0.11475409836065574 0.06545454545454546
0 0.5163934426229508 0.5945454545454546 0.11475409836065574 0.06909090909090909
0 0.48360655737704916 0.6890909090909091 0.12568306010928962 0.07636363636363637
0 0.6038251366120219 0.7290909090909091 0.14754098360655737 0.08363636363636363
0 0.726775956284153 0.4890909090909091 0.14207650273224043 0.06909090909090909
0 0.6830601092896175 0.5872727272727273 0.12021857923497267 0.06909090909090909
0 0.855191256830601 0.38727272727272727 0.11475409836065574 0.09818181818181818
0 0.4016393442622951 0.43636363636363634 0.14754098360655737 0.07272727272727272
