0 0.5112781954887218 0.5421052631578948 0.06015037593984962 0.08421052631578947
0 0.5620300751879699 0.49473684210526314 0.07142857142857142 0.09473684210526316
0 0.5582706766917293 0.30526315789473685 0.06390977443609022 0.09473684210526316
0 0.6146616541353384 0.34736842105263155 0.05639097744360902 0.10526315789473684
0 0.3026315789473684 0.7 0.06390977443609022 0.08421052631578947
0 0.268796992481203 0.6289473684210526 0.07142857142857142 0.11052631578947368
0 0.8157894736842105 0.6026315789473684 0.06015037593984962 0.07894736842105263
0 0.42105263157894735 0.5526315789473684 0.06766917293233082 0.10526315789473684
0 0.39285714285714285 0.1868421052631579 0.07142857142857142 0.09999999999999999
0 0.45112781954887216 0.17368421052631577 0.07518796992481203 0.10526315789473684
0 0.8195488721804511 0.1763157894736842 0.06766917293233082 0.09999999999999999
0 0.6015037593984962 0.5526315789473684 0.06766917293233082 0.09473684210526316
0 0.7857142857142857 0.2657894736842105 0.06015037593984962 0.08947368421052632
