0 0.4577777777777778 0.15555555555555556 0.2222222222222222 0.24888888888888888
0 0.7 0.29555555555555557 0.25333333333333335 0.28888888888888886
0 0.44 0.45111111111111113 0.21333333333333332 0.24444444444444444
0 0.2688888888888889 0.28 0.24444444444444444 0.2577777777777778
0 0.26222222222222225 0.5666666666666667 0.24 0.22666666666666666
0 0.6688888888888889 0.4866666666666667 0.25333333333333335 0.25333333333333335
0 0.5755555555555556 0.66 0.26222222222222225 0.22666666666666666
0 0.8888888888888888 0.47555555555555556 0.2222222222222222 0.2311111111111111
0 0.8422222222222222 0.7933333333333333 0.22666666666666666 0.23555555555555555
0 0.41555555555555557 0.76 0.14666666666666667 0.1511111111111111
0 0.6333333333333333 0.8488888888888889 0.2 0.20444444444444446
