0 0.58 0.2777777777777778 0.2 0.2088888888888889
0 0.39111111111111113 0.6422222222222222 0.21333333333333332 0.16444444444444445
0 0.72 0.13333333333333333 0.1688888888888889 0.16
0 0.6888888888888889 0.4177777777777778 0.1688888888888889 0.1511111111111111
0 0.7222222222222222 0.5822222222222222 0.17333333333333334 0.16
0 0.74 0.7422222222222222 0.16444444444444445 0.14222222222222222
0 0.8022222222222222 0.4911111111111111 0.12 0.13777777777777778
0 0.8444444444444444 0.6355555555555555 0.13333333333333333 0.16
0 0.5755555555555556 0.5422222222222223 0.1288888888888889 0.14222222222222222
0 0.6066666666666667 0.6777777777777778 0.14666666666666667 0.1288888888888889
0 0.64 0.8222222222222222 0.14222222222222222 0.11555555555555555
