0 0.3327272727272727 0.29508196721311475 0.11272727272727273 0.15300546448087432
0 0.509090909090909 0.3251366120218579 0.10909090909090909 0.15846994535519127
0 0.6 0.12568306010928962 0.10909090909090909 0.12021857923497267
0 0.4581818181818182 0.639344262295082 0.10909090909090909 0.15300546448087432
0 0.64 0.6284153005464481 0.10909090909090909 0.14207650273224043
0 0.2581818181818182 0.5081967213114754 0.10909090909090909 0.15300546448087432
0 0.7054545454545454 0.4453551912568306 0.10181818181818182 0.14754098360655737
0 0.6981818181818182 0.2677595628415301 0.10181818181818182 0.12021857923497267
0 0.6018181818181818 0.273224043715847 0.09090909090909091 0.14207650273224043
0 0.5509090909090909 0.7158469945355191 0.11272727272727273 0.14207650273224043
0 0.6981818181818182 0.5792349726775956 0.10909090909090909 0.14207650273224043
0 0.2690909090909091 0.19672131147540983 0.10909090909090909 0.13114754098360656
