0 0.22545454545454546 0.6338797814207651 0.15272727272727274 0.16393442622950818
0 0.5345454545454545 0.5327868852459017 0.12363636363636364 0.15846994535519127
0 0.5309090909090909 0.7103825136612022 0.14545454545454545 0.19672131147540983
0 0.8472727272727273 0.40710382513661203 0.13090909090909092 0.1912568306010929
0 0.7563636363636363 0.726775956284153 0.14545454545454545 0.22950819672131148
0 0.24 0.4890710382513661 0.12363636363636364 0.14754098360655737
0 0.6781818181818182 0.8961748633879781 0.14181818181818182 0.18579234972677597
0 0.16 0.8114754098360656 0.1890909090909091 0.1912568306010929
0 0.6527272727272727 0.5 0.12727272727272726 0.18032786885245902
0 0.4163636363636364 0.5 0.12 0.16939890710382513
0 0.5945454545454546 0.273224043715847 0.12 0.12021857923497267
