0 0.2916666666666667 0.40773809523809523 0.11666666666666667 0.19642857142857142
0 0.465 0.44345238095238093 0.09666666666666668 0.1607142857142857
0 0.26166666666666666 0.7619047619047619 0.13 0.21428571428571427
0 0.6466666666666667 0.6488095238095237 0.14 0.19047619047619047
0 0.52 0.800595238095238 0.12000000000000001 0.22023809523809523
0 0.6916666666666668 0.42857142857142855 0.11666666666666667 0.19047619047619047
0 0.385 0.3630952380952381 0.11666666666666667 0.22619047619047616
0 0.765 0.6934523809523809 0.11 0.1607142857142857
0 0.665 0.8660714285714285 0.13 0.22023809523809523
0 0.9166666666666667 0.806547619047619 0.12666666666666668 0.20833333333333331
0 0.10833333333333334 0.7321428571428571 0.11666666666666667 0.20238095238095238
0 0.22 0.550595238095238 0.12000000000000001 0.19642857142857142
