0 0.7451737451737452 0.27835051546391754 0.11583011583011583 0.1134020618556701
0 0.752895752895753 0.384020618556701 0.12355212355212356 0.13917525773195877
0 0.6447876447876448 0.3711340206185567 0.1003861003861004 0.13402061855670103
0 0.6583011583011583 0.48711340206185566 0.09652509652509653 0.14948453608247422
0 0.7664092664092664 0.5231958762886598 0.1274131274131274 0.17010309278350516
0 0.7007722007722008 0.6494845360824743 0.11969111969111969 0.16494845360824742
0 0.33204633204633205 0.5309278350515464 0.12355212355212356 0.14432989690721648
0 0.37451737451737455 0.6752577319587628 0.138996138996139 0.16494845360824742
0 0.2895752895752896 0.7912371134020618 0.138996138996139 0.17010309278350516
0 0.17953667953667954 0.5283505154639175 0.0888030888030888 0.0979381443298969
0 0.2799227799227799 0.30670103092783507 0.0888030888030888 0.10824742268041238
