0 0.29333333333333333 0.36 0.06222222222222222 0.06222222222222222
0 0.2511111111111111 0.4444444444444444 0.06666666666666667 0.05333333333333333
0 0.39111111111111113 0.4533333333333333 0.06222222222222222 0.06222222222222222
0 0.8822222222222222 0.2644444444444444 0.057777777777777775 0.06666666666666667
0 0.48444444444444446 0.46 0.06222222222222222 0.057777777777777775
0 0.56 0.62 0.07111111111111111 0.057777777777777775
0 0.8044444444444444 0.5777777777777777 0.07111111111111111 0.07111111111111111
0 0.5444444444444444 0.5088888888888888 0.07555555555555556 0.057777777777777775
0 0.7 0.7244444444444444 0.07555555555555556 0.06222222222222222
0 0.6111111111111112 0.6311111111111111 0.06666666666666667 0.07111111111111111
